3
1000 244 366
7.98848 -7.34618 -96.76519999999999 
-3.4908 28.7558 -0.09999719999999999 
-5.11089 -9.640980000000001 -126.232 
-12.4774 25.9998   -6.1 
0.42961 -20.4862 -168.938 
32.9646 7.86471 -3.23561 
8.13391 7.2302 -101.196 
-0.42037 33.9447 -5.59717 
3.08791 10.2952 -101.271 
10.1902 3.5567 -134.608 
7.62196 30.8815   -6.1 
0.0616333 -27.0424 -173.694 
12.4274 31.3389 -1.04007 
-13.8837 -26.2409   -6.1 
-3.26116 -26.1933 -175.807 
-3.49546 20.3616 -155.807 
9.90143 4.15624 -50.418 
-7.21291 7.96468 -77.3176 
2.03428 31.3076 -175.807 
-0.304855 10.9304 -49.8918 
-11.4258 -2.77707 -160.409 
-7.53038 34.4766 -175.807 
10.7242 1.06077 -58.8655 
11.4742 -22.813 -174.188 
21.0153 2.69903 -0.09999719999999999 
8.37969 9.502689999999999 -0.09999719999999999 
-10.7242 1.74005 -127.031 
1.14128 -10.7395 -139.374 
11.4742 -32.3767 -175.407 
9.70635 4.56133 -87.2859 
-19.6124 23.2672 -0.09999719999999999 
-8.225860000000001 7.15688 -28.4184 
-11.6588 1.57878 -0.09999719999999999 
10.7242 -1.78461 -62.2711 
10.7242 0.0613656 -55.8441 
31.0759 -12.1065 -0.09999719999999999 
1.5937 18.6652 -167.147 
16.3438 -7.26253 -0.09999719999999999 
10.1204 3.70165 -45.2433 
-7.26193 8.131600000000001 -155.807 
5.96741 -8.957929999999999 -30.9475 
 10.96 27.2848   -6.1 
12.5818 -1.24865   -6.1 
7.7582 -20.0314 -175.807 
11.4742 11.3321 -169.54 
-9.757989999999999 4.4541 -149.29 
26.6569 -20.6333 -2.15617 
4.89181 -38.8525 -163.078 
-2.56015 -40.0602 -160.071 
-30.1217 13.1998 -0.09999719999999999 
6.51638 5.75998 -0.09999719999999999 
-0.237431 -10.9458 -18.0574 
-28.3327 0.251021 -0.813624 
8.32062 7.08131 -102.074 
-6.07088 11.2375 -0.09999719999999999 
-8.76979 -38.2915 -175.807 
11.4742 -3.79372 -171.285 
-2.12022 -40.0113 -172.056 
-6.90247 -8.21224 -68.4532 
5.42188 -9.39297 -20.0521 
-10.7242 -1.32546 -140.362 
-30.094 9.605029999999999 -0.09999719999999999 
-10.747 -38.0145 -175.807 
-9.27041 -5.46658 -98.44110000000001 
-7.64241 7.62216 -100.616 
-10.1387 -22.2715   -6.1 
-11.4726 24.6007   -6.1 
29.3899 2.58566 -0.09999719999999999 
5.08295 -9.663259999999999 -137.023 
-0.106064 -39.7479 -172.525 
-11.4258 37.1408 -157.298 
6.40285 -8.610670000000001 -147.943 
18.8463 -20.1461 -0.09999719999999999 
21.6921 -0.343744 -1.70407 
-0.704048 -6.0595 -0.09999719999999999 
-11.4258 7.36329 -168.596 
-1.09001 -10.7512 -141.812 
16.3819 0.791413   -6.1 
-13.2687 -26.8217   -6.1 
7.34667 17.1124 -155.807 
7.10423 3.93686 -0.09999719999999999 
-1.00106 -10.7715 -148.031 
11.4742 -37.167 -159.894 
4.83176 -9.863580000000001 -139.333 
4.08331 -23.2937 -0.09999719999999999 
11.4742 27.8236 -174.361 
4.75286 -9.915190000000001 -144.29 
-1.07737 10.7541 -66.8972 
7.97577 -7.35631 -64.7388 
13.8347 28.9389 -0.09999719999999999 
9.85716 25.5722 -0.09999719999999999 
-1.07558 -25.2395 -169.33 
-7.40365 -7.81256 -21.0168 
7.29596 23.1172 -164.145 
11.4742 15.3513 -169.721 
-14.3604 21.1225 -0.09999719999999999 
-2.42271 -37.0508 -178.424 
-6.73867 24.6583 -0.09999719999999999 
12.607 -6.9625   -6.1 
1.56454 38.7498 -169.893 
-8.750109999999999 -34.1379 -175.807 
-11.4258 -31.4143 -173.874 
-10.0166 3.91701 -81.364 
30.0018 -15.6554 -1.11993 
-32.1221 8.663360000000001 -0.09999719999999999 
11.4742 29.8551 -168.801 
4.63436 -11.0814 -175.807 
7.74128 29.2078 -175.807 
-9.00872 -10.0824 -175.807 
5.05657 9.6843 -100.875 
17.8817 28.7683 -1.44194 
9.700089999999999 4.57434 -82.55329999999999 
-11.7959 2.29372 -0.09999719999999999 
-9.56127 31.3844   -6.1 
-1.25134 22.1993 -167.668 
11.4742 -33.0105 -164.825 
5.4771 -9.348929999999999 -56.4542 
-11.4258 -5.85704 -155.872 
11.3734 22.4042 -0.09999719999999999 
32.6134 -9.35037 -1.10054 
27.6848  8.669 -0.09999719999999999 
-0.0152132 25.4352 -155.807 
-7.49818 -7.73718 -33.4299 
1.80493 -10.588 -12.2177 
14.0571 -22.912   -6.1 
3.28565 10.2501 -106.993 
6.23459 -13.5465 -175.807 
-31.2894 -4.07364 -0.09999719999999999 
-6.83728 24.1633   -6.1 
8.25128 -38.0566 -156.954 
11.2686 37.5211 -167.921 
10.7242 -0.749645 -44.6145 
16.5149 0.715402   -6.1 
-7.60311 -7.65349 -24.4565 
-17.2325 -27.6794 -0.09999719999999999 
-11.4258 -2.80716 -173.582 
-10.7242 -0.375436 -66.9991 
-10.7242 2.22907 -56.0188 
-4.43316 -31.6068 -155.807 
-10.7242 0.0949371 -106.457 
4.71517 9.92379 -8.44093 
-11.4258 -26.6784 -169.178 
8.23434 37.9744 -163.313 
16.1518 -28.7232 -0.09999719999999999 
2.21429 -10.4946 -120.607 
4.19454 -10.0426 -108.767 
-10.3884 -3.14508 -63.5624 
10.6032 -2.69891 -18.6345 
27.2318 -14.3953   -6.1 
7.47447 -25.1267 -155.807 
-8.57033 35.8392 -175.807 
12.5553 -7.7828   -6.1 
-25.6053 19.2303   -6.1 
-7.97721 7.35517 -47.1064 
9.35839 -5.28388 -135.534 
12.6019 31.2666 -5.19365 
16.4455 23.7121   -6.1 
-4.28014 -13.6978 -175.807 
1.30033 -10.7032 -26.918 
11.4742 30.3567 -163.745 
12.3884 -31.3551 -1.0712 
-7.91807 7.40233 -39.3298 
3.34584 33.5595 -3.09115 
13.4083 17.7044   -6.1 
-9.74648 -22.1041 -0.09999719999999999 
0.436778 10.9003 -62.675 
19.7189 10.0891 -0.09999719999999999 
31.3969 4.93483 -0.09999719999999999 
10.7242 -0.5173179999999999 -57.1754 
-10.4434 -3.03087 -64.65300000000001 
-25.826 3.72285   -6.1 
5.37516 5.16063 -175.807 
-11.4258 11.4226 -168.535 
-9.53688 -40.4008 -173.984 
-13.1421 30.3827 -0.09999719999999999 
-20.3254 -6.10541   -6.1 
-13.5356 -19.9431   -6.1 
6.13261 -8.826180000000001 -82.83580000000001 
-4.21449 10.0381 -62.1406 
25.5245 22.1091 -3.20629 
6.90674 8.208830000000001 -69.9051 
5.7449 -21.3414   -6.1 
-0.935567 24.4104 -172.044 
-11.4258 9.84202 -170.394 
-1.06516 -39.8918 -162.269 
3.55963 27.272 -0.09999719999999999 
6.34498 8.65682 -6.9097 
-9.06944 -19.0961 -175.807 
7.82067 16.2202 -0.09999719999999999 
-0.628219 32.6735 -175.807 
8.88706 -32.7121 -175.807 
-1.88948 28.002 -175.807 
3.26825 10.254 -124.236 
10.7242 -1.78773 -20.1604 
11.4742 -29.7348 -168.149 
-1.68483 23.7344 -175.807 
4.49016 9.975149999999999 -34.6798 
33.8784 0.923372 -0.409047 
-30.9995 -13.2467 -4.78521 
-5.95128 -8.970789999999999 -89.5527 
16.4221 9.34596   -6.1 
-6.51599 1.58994 -175.807 
-10.7242 2.23704 -66.7246 
3.32045 10.2421 -22.7589 
-9.3512 5.2988 -84.459 
9.895250000000001 -4.16908 -77.099 
-7.74947 -15.2372 -155.807 
10.5894 2.72765 -41.08 
4.4382 -9.98701 -20.8967 
-10.5622 2.78414 -130.409 
6.32396 5.53484 -0.09999719999999999 
32.2531 10.2204 -1.84497 
5.67397 -9.191940000000001 -59.5743 
-6.11421 39.0992 -159.509 
-3.26128 25.5177 -2.14512 
-4.90946 9.80161 -44.6449 
-11.4258 -10.665 -159.085 
2.52556 10.4236 -109.674 
7.87471 7.43691 -126.162 
-14.5715 -2.28807 -0.09999719999999999 
-3.25574 3.23684 -175.807 
-25.1242 22.6308 -3.69287 
9.131869999999999 -5.75425 -108.551 
-1.10248 -10.7484 -63.8492 
17.3082 -24.7343   -6.1 
6.4744 -8.553610000000001 -8.282629999999999 
-11.4258 20.2085 -168.203 
 8.244 -38.0584 -161.915 
-10.5333 -2.84423 -116.817 
-14.5372 -22.0132 -0.09999719999999999 
11.4742 -13.7245 -172.003 
4.61472 -25.3768 -160.407 
19.3668 27.5271 -0.09999719999999999 
-20.4243 -2.97418   -6.1 
-6.23309 -8.74605 -59.5915 
-24.4781 -23.4728 -3.21109 
0.386694 -10.9117 -60.3171 
-18.8665 -6.57602 -0.09999719999999999 
9.87584 32.0643   -6.1 
-10.9109 39.0992 -169.522 
-11.4258 -25.4853 -168.186 
10.7242 0.980566 -70.7988 
-11.3846 38.8962 -155.807 
-9.804080000000001 -4.35839 -110.111 
-9.50428 23.8302 -155.807 
-5.01676 -32.68 -175.807 
-7.6753 25.5498   -6.1 
8.472060000000001 6.96054 -58.0027 
-8.32733 -7.07595 -138.593 
-8.00221 -23.2816   -6.1 
0.816339 10.8137 -54.6569 
-8.803699999999999 -6.43572 -127.196 
0.480079 -10.8904 -65.1626 
4.14713 -10.0534 -73.8579 
-26.4335 -12.6462   -6.1 
-11.4258 26.4034 -160.469 
29.098 6.92367   -6.1 
6.70784 8.36745 -73.08369999999999 
10.6259 29.824 -175.807 
8.99493 6.03862 -66.8066 
33.5974 3.05794 -2.15679 
10.1711 3.59624 -146.204 
-11.4258 -30.4084 -164.024 
-6.29257 8.69862 -101.579 
-3.32719 0.377054 -175.807 
0.633993 -10.8553 -116.466 
-8.74356 -40.4008 -172.468 
-9.321109999999999 -5.3613 -125.191 
8.11415 -7.24596 -56.3395 
1.96866 -10.5507 -64.1892 
 9.868 -4.22567 -59.156 
-1.49435 10.6589 -75.1814 
-6.38399 8.625719999999999 -11.0349 
-0.508452 28.2638 -2.99109 
3.71905 22.9073 -160.407 
-6.31015 -22.597 -175.807 
1.29489 -19.9809 -167.948 
-0.9498180000000001 10.7832 -128.014 
6.57759 28.2404 -0.09999719999999999 
-8.90597 -6.22333 -67.94070000000001 
-25.6106 -13.0222 -0.09999719999999999 
-10.6871 2.52473 -113.529 
-6.40427 -8.609540000000001 -34.1032 
5.12751 33.325 -2.78045 
11.4742 2.21163 -166.26 
-10.6502 -34.3909 -175.807 
1.71452 10.6087 -66.3901 
-9.4384 30.3619 -0.09999719999999999 
9.89893 -23.8757 -155.807 
3.8144 10.1294 -116.575 
-22.8804 -7.5934   -6.1 
-0.225929 -10.9484 -13.7484 
8.21391 -7.1664 -40.9797 
-11.4258 28.7889 -169.136 
-16.6541 -20.9396   -6.1 
-4.53323 9.96532 -86.0183 
-6.05114 22.7197 -0.09999719999999999 
-9.937279999999999 39.0992 -164.968 
-6.86507 8.24207 -122.905 
25.4753 -14.015   -6.1 
9.1065 5.80694 -11.5636 
-6.59595 27.3543 -155.807 
32.975 7.78582 -2.73529 
-7.88516 -7.42857 -62.6643 
10.7242 -1.65499 -84.253 
-10.5539 -11.3763 -175.807 
-10.7242 -1.4163 -96.9037 
4.13047 10.0572 -22.5345 
-6.96415 -8.16305 -99.8831 
5.16698 -1.16269 -0.09999719999999999 
-11.4258 -14.6869 -163.88 
7.1447 8.019069999999999 -146.995 
7.85856 7.44979 -71.42959999999999 
-9.34136 16.8946   -6.1 
-5.03006 9.705439999999999 -154.449 
-27.4342 19.6203 -2.49144 
22.5502 -21.6123 -0.09999719999999999 
-11.4258 8.97232 -172.346 
11.4742 16.3645 -166.053 
7.08713 -8.06498 -101.764 
6.13659 -16.8666   -6.1 
-1.20052 -24.7558 -170.17 
-0.229282 35.0191 -178.955 
-25.8911 -3.16122 -1.73792 
-11.4258 33.6163 -174.74 
4.13164 -10.057 -62.5105 
-3.42999 10.2171 -17.397 
10.3332 -3.25958 -48.3599 
5.41253 9.40042 -36.4871 
11.4742 22.7339 -168.33 
-24.9136 6.20055   -6.1 
-3.42759 -36.4605 -175.807 
-1.34025 -10.6941 -131.731 
-2.20427 10.4969 -58.7153 
4.83426 -9.86158 -143.115 
-7.39368 -7.82051 -63.853 
19.1528 24.6172   -6.1 
6.44372 8.57808 -49.9907 
-4.1282 14.5729 -155.807 
10.7242 -0.323907 -34.6505 
7.05711 -25.3834 -175.272 
-19.9326 -18.7007 -0.09999719999999999 
-6.19604 39.0992 -162.935 
-20.0641 -12.7809   -6.1 
33.0005 7.59197 -1.30568 
3.33989 -10.2377 -106.761 
-21.6504 0.188115 -2.21973 
-11.6001 31.6816 -5.79899 
-19.7207 -1.45045   -6.1 
-19.6803 -27.3882 -1.90772 
-11.7663 1.15027   -6.1 
-28.0572 1.27921 -4.3124 
23.9099 20.0419 -0.09999719999999999 
-3.52342 21.7034 -0.09999719999999999 
5.76299 9.120950000000001 -140.619 
28.1257 18.7192 -5.28297 
7.24972 7.93532 -67.61190000000001 
10.4896 -2.93487 -14.2588 
-8.30686 -32.9064 -0.548679 
21.554 -17.6968   -6.1 
-10.6174 25.0394 -155.807 
-11.3107 7.65666 -0.09999719999999999 
8.115489999999999 -37.2734 -175.807 
-9.023400000000001 7.87762 -0.09999719999999999 
-9.07339 21.6551 -175.807 
-10.7242 1.9472 -116.259 
-10.7242 0.268397 -75.2384 
-6.34413 33.1648 -0.510889 
-9.037100000000001 -5.95105 -84.3412 
-21.7017 16.2032   -6.1 
2.12625 26.926 -165.872 
6.3889 38.1915 -166.94 
-8.462059999999999 -6.96851 -111.372 
11.4742 -21.152 -160.623 
-4.23601 -20.2024   -6.1 
2.47313 -19.6536 -173.422 
11.4742 3.65641 -158.759 
-11.4258 38.2594 -169.378 
9.39631 -5.20514 -84.97020000000001 
-8.74971 -15.8804 -175.807 
10.5687 -2.77075 -83.1067 
10.4902 -2.93373 -64.2745 
-2.53447 10.4215 -32.848 
1.99533 18.8756 -160.407 
-5.90602 9.00689 -104.314 
-24.9253 -3.37999 -0.243176 
-2.34976 -10.4637 -155.047 
-11.4258 15.8148 -161.642 
-10.64 -3.19036 -0.09999719999999999 
-1.33283 25.9323 -155.807 
3.86121 -10.1187 -78.5056 
4.89989 -9.80925 -17.5704 
0.402871 10.908 -42.757 
-17.6637 -15.6259 -0.09999719999999999 
-5.36791 -11.4884   -6.1 
10.6529 2.59577 -135.966 
11.4742 1.95623 -170.953 
11.4742 20.878 -175.667 
1.50376 -10.6568 -92.72239999999999 
6.04994 8.892110000000001 -117.441 
28.924 17.6788 -1.37414 
-10.7242 2.21316 -147.788 
12.7454 18.6624   -6.1 
5.22933 15.2738 -155.807 
-9.982139999999999 -40.4009 -161.351 
22.6639 21.6954   -6.1 
11.4742 19.6355 -173.873 
-0.0901628 -10.9794 -29.2637 
10.1721 -16.4589 -175.807 
10.7242 0.212882 -71.13249999999999 
11.4742 11.6597 -169.327 
10.7242 -1.12825 -65.9092 
-31.0846 5.40101 -0.09999719999999999 
-31.0775 9.7263   -6.1 
9.15189 37.7162 -155.807 
-8.37711 14.1658 -155.807 
11.4742 -12.406 -166.385 
-1.2264 9.333159999999999 -0.09999719999999999 
3.66643 10.1632 -24.3772 
6.33305 28.6737   -6.1 
10.7242 0.492973 -37.7729 
8.36327 6.31774 -0.09999719999999999 
-9.25488 -5.49882 -71.0367 
-11.4258 -39.9688 -168.803 
-5.47152 18.5615   -6.1 
-0.6470129999999999 10.8523 -143.204 
8.051869999999999 -28.9465 -155.807 
10.7242 2.00825 -25.9815 
-1.01914 -17.8733 -0.09999719999999999 
-3.82607 4.99571 -0.09999719999999999 
-1.21051 -23.1325 -174.12 
4.83324 -9.86239 -97.7213 
10.7242 0.677577 -50.9613 
15.0632 -12.36 -0.09999719999999999 
-11.4258 7.29088 -172.256 
-4.0889 -10.0667 -144.063 
-3.99265 -10.0887 -124.255 
3.18163 25.8149 -3.80867 
18.9265 22.3198   -6.1 
-3.25241 10.2577 -117.973 
-14.4407 -11.1576   -6.1 
6.11093 -8.84348 -113.055 
-11.4258 -1.93386 -163.314 
14.7867 -13.2314 -0.09999719999999999 
6.58996 38.1679 -161.781 
1.1648 10.7341 -66.02679999999999 
15.4884 -0.106723 -0.09999719999999999 
1.55648 -29.2615   -6.1 
9.609909999999999 -10.4106 -155.807 
-0.712412 10.8374 -128.257 
-6.99812 8.13597 -108.95 
4.80845 -9.88217 -22.8024 
-18.7739 -1.08651   -6.1 
-9.68881 4.59775 -125.907 
-14.9914 -13.2787   -6.1 
3.08959 -19.6213 -172.39 
33.1719 -6.29024 -1.42922 
-10.7242 -1.752 -50.2039 
-7.86994 39.0992 -162.917 
26.452 -14.1431   -6.1 
-3.49887 31.3779 -0.09999719999999999 
3.97355 -10.0931 -34.0957 
-19.0656 -2.74391   -6.1 
8.20684 -26.9511 -155.807 
-10.2224 3.48969 -39.8691 
-7.51205 7.72612 -17.5905 
7.97152 15.647 -175.807 
-6.83483 -8.26618 -129.012 
2.11452 10.5174 -62.7956 
10.7242 -0.722191 -21.1734 
-3.03338 -26.3682 -2.05427 
-25.5217 -19.8143 -0.09999719999999999 
-10.3117 3.30433 -43.5689 
-1.11886 10.7446 -96.10760000000001 
-15.6974 20.7986   -6.1 
-20.2634 25.7856 -0.09999719999999999 
-11.4258 12.5662 -173.838 
8.85242 6.33454 -54.7773 
-25.4851 19.6344   -6.1 
11.4742 1.4183 -161.656 
10.2015 -3.53307 -92.4392 
-8.98631 39.0992 -158.329 
-28.757 3.64193   -6.1 
6.63234 8.427670000000001 -34.9165 
-4.73575 -9.9191 -27.2288 
26.8635 20.3641 -1.85903 
7.66034 23.2494 -175.807 
8.18122 -38.0741 -157.754 
-29.0395 -9.474880000000001   -6.1 
6.83577 -13.9361   -6.1 
-18.8676 28.0118 -0.341699 
-8.16778 7.20319 -135.037 
25.1258 22.5006 -0.09999719999999999 
-10.7242 1.44894 -86.36020000000001 
9.225429999999999 -5.55997 -75.83880000000001 
6.73265 -38.4362 -167.892 
-6.30844 8.685969999999999 -95.1357 
-28.5695 18.1408 -5.17173 
0.868954 -27.6423 -165.394 
-9.33761 -5.32702 -85.8211 
-25.4671 18.5425   -6.1 
-10.3479 -3.22912 -113.454 
-2.6106 -10.4041 -74.79470000000001 
-9.24944 39.0992 -159.64 
15.973 7.05241   -6.1 
-25.688 12.5567   -6.1 
11.4742 5.27293 -160.19 
8.72597 -6.59711 -78.80500000000001 
-28.0894 11.9143   -6.1 
5.21934 26.1678 -0.09999719999999999 
5.28691 9.50061 -137.694 
11.4742 22.971 -166.232 
-20.8496 -10.8248   -6.1 
10.1023 3.73906 -71.81999999999999 
-10.7242 0.150363 -108.365 
2.25923 -10.4843 -97.97539999999999 
11.4742 -5.3226 -173.739 
-6.92464 9.147500000000001   -6.1 
3.44887 21.9706   -6.1 
0.0647228 -21.6173 -5.14405 
-9.041700000000001 -13.1858 -0.09999719999999999 
-4.7156 -9.923690000000001 -87.587 
-10.7242 -1.19943 -10.5849 
-8.687760000000001 -6.67646 -142.554 
20.0106 -0.7034049999999999 -0.09999719999999999 
-11.4258 -24.2945 -173.765 
-4.92474 -9.789429999999999 -68.8488 
-1.91621 -17.2417 -155.807 
-11.4258 7.20519 -171.375 
-24.0903 -3.15624 -5.65817 
7.03481 -8.1067 -74.9558 
-13.7513 9.061500000000001 -0.09999719999999999 
-18.9456 19.6012 -0.09999719999999999 
9.610749999999999 -4.75986 -126.349 
-21.1678 1.9185   -6.1 
31.509 -1.88852 -0.09999719999999999 
-5.6674 39.0992 -162.972 
8.2819 -7.11218 -140.351 
-2.55843 -28.275   -6.1 
-4.91755 -40.32 -158.071 
10.5727 -2.76231 -142.385 
-3.76721 10.1402 -128.998 
11.4542 -0.56995 -175.807 
17.4934 13.0057   -6.1 
1.77775 -10.5942 -45.3062 
1.0253 -10.766 -43.7246 
-26.2278 12.3566   -6.1 
11.4742 -27.6137 -161.51 
-5.64535 9.21476 -88.84869999999999 
-7.49941 -30.2475 -175.807 
5.92093 -20.1255 -155.807 
-10.7242 2.42516 -7.38278 
1.38002 -10.685 -60.5526 
10.7242 1.96168 -45.7161 
-2.93497 -35.815 -175.807 
0.402197 -10.9082 -127.957 
-11.4209 8.54363 -155.807 
-15.8598 -7.65757 -0.09999719999999999 
1.66169 -27.9992 -175.627 
-10.7242 -1.5827 -101.793 
7.91494 -33.832 -155.807 
-6.01398 -8.92079 -25.554 
1.31672 10.6995 -88.098 
3.05828 -28.2177 -173.168 
20.2958 -23.6509   -6.1 
-1.49608 10.6585 -73.86960000000001 
-4.73915 -9.91832 -87.8078 
 6.232 -35.9264 -155.807 
7.1202 8.03861 -12.6705 
9.95566 -4.04363 -129.738 
-2.48637 -14.554   -6.1 
0.394252  10.91 -61.809 
-4.83928 9.85758 -100.847 
0.832622 19.0192 -166.241 
-2.24417 -31.9206 -0.09999719999999999 
-6.01446 39.0992 -175.447 
7.1437 -8.019869999999999 -51.9565 
-11.4258 6.06913 -166.209 
-3.62052 10.1736 -107.2 
-28.2743 -0.469242 -3.31364 
2.02715 -39.4279 -156.509 
-1.65471 38.5191 -176.976 
14.0882 7.90413 -0.09999719999999999 
-3.61043 10.1759 -9.779120000000001 
0.370272 26.1077 -173.68 
-3.19862 7.45447 -175.807 
-5.88447 -12.3355 -155.807 
8.248609999999999 -7.52696   -6.1 
-9.18577 5.64234 -117.655 
6.59555 -8.457000000000001 -43.0761 
7.74034 -7.54406 -87.2028 
8.20613 -7.1726 -29.4374 
0.287742 -32.4963 -175.807 
-8.111330000000001 27.8543 -0.09999719999999999 
-8.796609999999999 -6.45043 -75.4806 
-7.43596 32.3255   -6.1 
11.4742 30.5097 -168.609 
9.67759 -4.62106 -123.659 
-11.4258 31.6811 -166.839 
10.4887 2.9368 -110.509 
6.26841 -8.717890000000001 -137.233 
-6.20579 -8.76782 -151.588 
-14.4025 -13.1192   -6.1 
9.027710000000001 5.97055 -97.4712 
6.20891 23.535 -155.807 
7.15785 8.00858 -101.412 
-11.4258 -29.6043 -165.133 
-19.2658 5.58195   -6.1 
-8.704470000000001 -6.64176 -107.339 
-16.4113 18.9042   -6.1 
-7.43309 -7.78908 -123.949 
11.6986 16.2034 -0.09999719999999999 
-1.19474 -23.0564 -162.545 
31.8405 -11.2164 -4.70461 
11.4742 7.99897 -167.749 
17.4832 -12.9297   -6.1 
22.1539 8.1713   -6.1 
13.6857 -29.1322   -6.1 
5.63045 9.22664 -17.2515 
-6.90424 -8.21082 -49.7293 
21.8011 -0.750595 -4.61222 
10.4188 -3.08182 -151.075 
6.08618 -8.86321 -114.978 
-32.969 -7.8314 -1.37071 
11.4742 -32.662 -171.572 
-2.14002 10.5116 -114.12 
-10.0743 3.79734 -102.757 
2.81233 18.4274 -173.433 
-11.4258 -23.2677 -158.618 
10.3381 -14.9559 -155.807 
5.92922 23.2128 -0.09999719999999999 
0.415988 20.1707   -6.1 
19.7461 1.05272 -0.09999719999999999 
25.1501 -12.8293 -0.09999719999999999 
0.457133 -17.1237 -0.09999719999999999 
33.9999 0.000411372 -5.17044 
11.4742 -14.1911 -175.174 
7.4438 -7.78055 -115.823 
5.3657 19.3577   -6.1 
 15.12 -17.6848 -0.09999719999999999 
7.45909 7.76835 -115.815 
-4.23419 -10.0336 -108.793 
-10.7242 0.237765 -143.773 
20.9411 -16.837 -0.09999719999999999 
8.567880000000001 -26.8875 -175.807 
16.2869 -7.87079   -6.1 
1.09232 10.7507 -136.683 
-1.98069 10.5479 -15.1511 
-3.07345 -14.9592 -0.09999719999999999 
-7.7163 7.56324 -7.66574 
4.87074 -9.83249 -44.4982 
29.0763 -0.495177 -0.09999719999999999 
10.2732 3.38423 -125.982 
-7.36977 22.9965 -155.807 
-11.4258 22.9677 -173.615 
-11.4258 -37.5771 -158.958 
-3.56632 10.186 -103.475 
-2.10815 -10.5188 -115.487 
-33.0867 -6.93714 -1.19351 
-3.99888 -10.0873 -52.1368 
31.5512 -11.9149 -5.73378 
-18.7151 -23.7317   -6.1 
10.6808 -3.99213 -155.807 
5.95639 -8.966710000000001 -70.7621 
23.5656 24.4069 -4.07709 
-27.9956 1.50925 -2.04458 
-5.60288 15.4233   -6.1 
2.50241 -39.3566 -173.574 
-5.36928 9.43492 -106.138 
-4.69318 23.7827 -175.807 
11.0429 -19.3732 -0.09999719999999999 
11.1271 -31.8775 -3.38416 
11.5559 -17.6279   -6.1 
12.2539 -15.0054   -6.1 
8.249040000000001 7.13839 -29.9328 
-1.41477 10.6771 -39.1371 
4.53257 -9.96547 -154.845 
-8.64218 -22.5202 -0.09999719999999999 
4.15464  7.182 -175.807 
-3.78957 10.1351 -130.48 
10.7242 -2.03115 -60.9643 
-31.6839 -6.06621 -0.09999719999999999 
-6.54078 8.500679999999999 -43.4163 
22.495 2.1395 -1.33768 
-14.8425 30.3385 -6.08674 
10.0828 3.77955 -120.615 
8.86731 -6.30362 -96.9576 
-16.308 -29.7315 -5.29871 
8.32457 -7.07815 -87.0369 
9.74597 4.47906 -109.659 
-0.864831 24.5706 -167.694 
11.4742 -1.53679 -156.017 
-12.4014 -31.3497 -4.40667 
4.96138 -38.837 -156.043 
-13.7464 -9.205629999999999   -6.1 
-11.4258  3.703 -162.854 
4.62799 -9.94369 -126.786 
-10.7242 2.23157 -97.8006 
-10.2849 8.00985   -6.1 
9.51993 4.94845 -122.072 
-11.4258 5.3991 -175.077 
-10.7242 1.2677 -106.502 
-23.2979 -15.2977 -0.09999719999999999 
-2.32971 -10.4683 -90.4092 
-0.204005 -26.1707 -160.407 
-25.2611 11.8385   -6.1 
-10.1469 29.3306   -6.1 
0.107892 -10.9754 -145.803 
3.30313 -19.6291 -169.266 
4.47094 9.97954 -81.27589999999999 
-3.52283 -10.1959 -14.6211 
-18.4615 0.8624579999999999   -6.1 
33.7095 2.20674 -2.94437 
14.3689 -1.20844 -0.09999719999999999 
10.7242 -1.74467 -82.20650000000001 
14.3348 20.7117 -0.09999719999999999 
-5.87444 -12.8729   -6.1 
11.4742 -35.2637 -159.718 
-4.18895 -10.0439 -104.903 
5.32481 9.47038 -38.0059 
10.2836 -3.36265 -26.7957 
24.9051 -3.37457 -3.77827 
-9.51614 -4.95631 -74.0338 
6.58789 8.46311 -85.7769 
11.4742 -32.7506 -175.206 
-20.9965 -26.3783 -4.17372 
-10.3886 -10.0514 -0.09999719999999999 
-7.63887 -40.4008 -163.542 
-20.2881 -26.9218 -0.141335 
-7.22972 37.2717 -175.807 
3.66041 -10.1645 -139.476 
0.221289 10.9495 -48.6044 
-11.4258 -34.7462 -174.802 
-8.87682 6.28387 -84.02930000000001 
11.4742 -4.2086 -168.281 
-10.6276 -2.64841 -65.4722 
10.598 -37.4307 -166.098 
-10.8596 23.6919 -175.807 
15.0539 30.251 -2.05658 
10.7242 -1.80928 -148.66 
-3.96915 -24.6821 -155.807 
-9.72123 4.53043 -134.416 
0.0147175 -37.0521 -179.307 
8.51727 -32.4492   -6.1 
3.67507 -10.1612 -92.7359 
8.33914 29.6151 -0.09999719999999999 
3.35366 -10.2345 -74.9358 
18.5497 -15.9045 -0.09999719999999999 
1.60601 -10.6334 -71.8124 
-11.4258 -29.0145 -158.199 
-6.58225 8.467610000000001 -114.809 
-2.52633 10.4234 -37.7787 
-8.45889 6.97104 -116.202 
6.69608 -24.8208   -6.1 
8.23352 7.15077 -67.3827 
10.7242 0.233087 -14.0627 
-6.68516 -6.00499 -0.09999719999999999 
-10.5774 -2.75257 -47.4371 
-28.4932 3.85722   -6.1 
2.56785 10.4139 -123.672 
10.5256 -2.8601 -114.012 
-11.4258 9.277010000000001 -175.493 
2.1862 -10.501 -128.766 
9.146990000000001 -5.72286 -101.596 
-11.4258 19.5049 -170.63 
-8.474959999999999 -6.95822 -80.9508 
-10.2513 -3.42984 -43.8223 
-10.0421 -3.86409 -38.2969 
-18.2671 -28.4726 -4.68853 
11.4742 -19.7526 -156.99 
18.8186 -28.0494 -3.1693 
11.4742 20.5197 -174.767 
1.61042 -26.5842 -160.407 
-11.4258 -28.0787 -163.295 
2.97517 10.3209 -61.4391 
-4.13813 8.54036 -175.807 
-5.04552 19.1904 -155.807 
5.59375 -15.644   -6.1 
10.632 -2.63911 -117.717 
11.4742 23.0858 -157.994 
-0.577757 -26.2768 -166.423 
-10.3737 3.17556 -7.85835 
-11.4258 -7.01469 -158.929 
-3.66683 39.0992 -160.343 
-3.76372 -10.141 -31.1982 
-8.58719 37.7318 -155.807 
8.33226 7.07203 -104.323 
0.47182 10.8923 -131.113 
-2.83222 -10.3536 -75.3725 
-22.3235 15.0888   -6.1 
-13.5085 -30.8911 -4.67722 
-9.243969999999999 -20.4402 -155.807 
-11.2711 -33.7101 -175.807 
11.4742 -21.2923 -175.059 
-11.4258 -18.9963 -162.247 
-0.626629 10.785 -0.09999719999999999 
-2.20249 -27.7824 -175.807 
9.31387 25.5063   -6.1 
0.0554766 -10.9873 -117.49 
-10.7242 1.75907 -106.901 
6.25758 19.8984 -167.109 
19.7971 -25.7526 -0.09999719999999999 
11.4742 8.987730000000001 -169.374 
-22.428 -25.2798 -0.541811 
-10.7242 -0.598295 -97.86879999999999 
-10.0527 -3.84224 -35.5066 
-4.94035 9.77698 -133.369 
14.3855 27.5457 -0.09999719999999999 
-20.7595 -1.47606   -6.1 
7.96274 38.0064 -168.638 
-33.7512 -1.89019 -6.08061 
-2.22847 -8.64892 -175.807 
5.45555 20.4105 -160.407 
16.3498 -16.5549 -0.09999719999999999 
-11.2608 5.38223 -175.807 
-21.5492 -4.0856   -6.1 
-10.7242 -1.03617 -148.632 
-9.212009999999999 5.58784 -148.955 
-11.4258 13.7754 -164.566 
11.4742 -23.8553 -174.604 
-11.4258 17.8244 -158.564 
15.0435 -18.3188 -0.09999719999999999 
10.0975 -25.3952 -155.807 
-24.6722 -18.0803   -6.1 
10.1843 -3.56884 -130.292 
10.7242 -0.391469 -12.7419 
0.384293 10.9123 -51.1103 
-7.95309 -31.4071 -0.09999719999999999 
19.0597 -27.8644 -0.943123 
-8.42643 2.17783 -175.807 
2.46919 10.4364 -130.69 
29.0768 2.65415 -0.09999719999999999 
-3.13125 -23.997 -0.725983 
-10.7242 -1.86945 -133.045 
4.70078 -9.92708 -111.428 
4.45713 35.8548 -155.807 
-0.756891 -10.8272 -30.7556 
-4.25801 -29.3451   -6.1 
10.7242 1.95111 -53.7354 
3.26143 10.2556 -16.4277 
-2.23304 13.7052 -0.09999719999999999 
-4.86695 -9.835509999999999 -132.764 
-1.92836 10.5599 -30.9337 
11.4742 -35.4353 -164.916 
29.2881 6.49948 -0.09999719999999999 
-11.4258 -19.9393 -158.884 
-0.165824 28.3556 -5.45633 
5.30083 -9.489509999999999 -100.479 
-5.43131 -16.0414 -0.09999719999999999 
10.7242 -0.795574 -59.3221 
3.29982 -10.2468 -149.072 
1.11927 10.7445 -36.5771 
1.58859 -10.6374 -70.2208 
-8.66521 -6.72327 -85.4079 
4.76036 -28.8165 -155.807 
-10.5499 -2.80968 -86.82680000000001 
-14.9999 -30.2733 -3.48311 
31.3097 -12.4978 -2.43344 
-2.87332 10.3442 -67.79559999999999 
-25.1805 8.967700000000001 -0.09999719999999999 
-0.865434 20.8726 -175.268 
3.12914 -23.9891 -3.32761 
24.1152 -22.4157 -0.09999719999999999 
-1.72402 28.9577 -155.807 
8.93779 6.15727 -6.75564 
8.254479999999999 -7.13405 -23.162 
-11.4258 -8.32761 -170.622 
-5.11569 -9.63715 -109.03 
-10.057 39.0992 -174.832 
-9.68604 4.60352 -123.276 
-11.4258 1.93057 -162.246 
-6.45707 8.56744 -115.182 
10.7242 0.225443 -138.708 
-9.380420000000001 26.5396   -6.1 
-1.07752 -10.7541 -144.972 
1.58541 -10.6381 -11.6935 
-1.53304 -10.6501 -138.522 
11.4742 30.7988 -157.711 
10.7242 0.597458 -138.851 
-9.724460000000001 -4.52373 -117.318 
33.5557 -3.37488 -1.71443 
11.4742 -7.60158 -163.531 
-17.4157 14.0156   -6.1 
-11.4258 -14.7788 -158.897 
4.90993 38.3697 -170.18 
2.89302 28.155   -6.1 
14.6724 3.9753   -6.1 
5.11007 -27.4432 -0.09999719999999999 
-27.8683 -7.32876 -0.09999719999999999 
10.443 6.27594 -0.09999719999999999 
9.87396 33.8394 -155.807 
-10.5636 2.78129 -48.7784 
6.46296 7.75765 -0.09999719999999999 
-21.617 -15.176 -0.09999719999999999 
18.8206 -4.73258 -0.09999719999999999 
-29.9749 2.35441   -6.1 
28.2843 -0.431897 -3.0746 
-17.5457 0.519723   -6.1 
-7.06867 -18.5521   -6.1 
-10.7242 -0.374765 -135.135 
2.17166 10.5043 -125.875 
9.9817 3.98956 -92.4141 
-5.15818 -9.603260000000001 -92.80670000000001 
-10.1855 -3.56635 -86.8955 
-2.37178 23.3961 -175.807 
1.45371 -2.9068 -0.09999719999999999 
6.42885 -21.3061 -168.497 
-10.6143 -2.67595 -33.2395 
-4.91936 28.9779   -6.1 
2.11424 0.116304 -0.09999719999999999 
-14.2573 17.181 -0.09999719999999999 
-9.89742 39.0992 -160.966 
-11.4258 3.40204 -159.489 
6.53801 -8.502890000000001 -88.5128 
6.0725 -27.0316 -0.09999719999999999 
-8.737590000000001 23.4142 -155.807 
13.4459 28.6257 -0.09999719999999999 
23.732 -3.61074   -6.1 
-4.6561 23.3669 -175.807 
-10.7242 -0.830094 -78.69589999999999 
-2.77798 -10.3659 -46.596 
-4.91287 -11.0106 -155.807 
10.7242 -1.44815 -30.4616 
-4.19635 -40.242 -155.872 
-11.4258 3.35796 -170.932 
-11.4258 32.7201 -167.781 
1.83292 10.5816 -94.429 
10.8928 37.5804 -167.996 
-7.5774 -7.674 -95.0384 
11.4742 17.2912 -160.931 
-11.4258 35.5473 -175.498 
11.4742 -22.7305 -158.857 
-1.10759 -29.6263 -175.807 
-33.6064 -0.139812 -0.09999719999999999 
 16.63 -13.3423 -0.09999719999999999 
-2.20794 10.4961 -88.3283 
-3.01259 -10.3124 -146.317 
4.61797 38.4062 -174.425 
-11.4258 -2.00031 -167.705 
-32.1872 6.6223 -0.09999719999999999 
8.467409999999999 -5.50988 -175.807 
-31.0636 9.313700000000001 -0.09999719999999999 
-15.2283 -15.0282   -6.1 
-11.4258 -39.4747 -165.517 
2.31396 10.4719 -123.325 
8.442170000000001 -6.98437 -125.637 
-8.57976 17.8065   -6.1 
-9.115080000000001 -5.78911 -98.2388 
-6.41312 16.429   -6.1 
5.63619 -9.222060000000001 -88.60639999999999 
-22.6146 -22.4294   -6.1 
10.7242 1.27833 -29.801 
-3.51132 -10.1986 -71.0791 
2.58419 -18.5395 -175.807 
-11.4258 22.4717 -170.853 
-2.36447 -13.379 -175.807 
-5.00911 -9.722149999999999 -127.69 
10.6994 -37.4031 -172.323 
-5.79982 -9.09158 -30.4383 
-10.7242 0.9051360000000001 -13.7922 
-10.5729 39.0992 -161.284 
26.6706 9.22411   -6.1 
-4.05559 31.1767 -0.09999719999999999 
8.918340000000001 -3.69633 -175.807 
-25.7357 13.0051 -0.09999719999999999 
10.2369 -3.45955 -86.4361 
21.593 0.88596 -0.09999719999999999 
-9.403689999999999 -5.18981 -11.4523 
12.2266 -6.63957   -6.1 
-30.6751 -14.0299 -0.488222 
10.7242 -0.444279 -16.2346 
9.777229999999999 4.41416 -58.1212 
10.7988 -5.61225 -0.09999719999999999 
-4.88327 9.8225 -32.6159 
11.4742 15.8081 -160.154 
-10.7242 1.84539 -125.923 
-10.9091 -20.9086 -175.807 
11.4742 30.547 -170.926 
-3.1352 -10.2844 -35.3433 
-2.81019  33.63 -1.86394 
8.67947 -24.9824 -175.807 
-9.686109999999999 -4.60337 -7.03208 
-8.75745 -6.53174 -22.6317 
5.3399 38.3159 -160.033 
11.4742 33.6563 -172.647 
6.95838 8.16765 -107.928 
-18.8781 -1.03776 -0.09999719999999999 
-1.91521 10.5629 -29.9186 
0.142045 -10.9676 -44.1144 
-9.70007 4.57437 -154.18 
5.07627 -9.66858 -46.2307 
5.36647 26.3203 -160.933 
-14.8668 22.0697   -6.1 
9.1469 37.8561 -172.103 
-7.24315 -7.94056 -22.3859 
25.6505 15.9229   -6.1 
3.94526 -10.0995 -67.36199999999999 
-9.70011 4.57429 -120.669 
-1.37276 10.6867 -78.0134 
7.91748 7.4028 -81.05929999999999 
3 814 792 742 
3 814 930 792 
3 761 930 810 
3 930 761 792 
3 173 423 404 
3 423 687 404 
3 266 173 404 
3 160 671 358 
3 923 404 358 
3 110 130 664 
3 814 737 930 
3 868 377 930 
3 930 377 810 
3 377 104 810 
3 404 856 358 
3 687 856 404 
3 283 367 979 
3 367 283 12 
3 62 423 173 
3 62 173 742 
3 792 62 742 
3 235 423 969 
3 423 768 687 
3 671 743 358 
3 743 923 358 
3 923 539 404 
3 258 85 984 
3 397 85 258 
3 984 85 635 
3 85 397 635 
3 28 724 635 
3 362 28 742 
3 28 362 724 
3 119 660 103 
3 660 119 613 
3 414 130 12 
3 283 414 12 
3 414 142 130 
3 142 414 983 
3 130 738 12 
3 738 110 12 
3 110 738 130 
3 239 377 868 
3 162 783 983 
3 414 162 983 
3 162 414 283 
3 162 283 979 
3 937 142 983 
3 322 868 930 
3 322 581 868 
3 737 322 930 
3 322 814 742 
3 322 737 814 
3 322 397 258 
3 937 322 258 
3 322 937 581 
3 490 315 221 
3 49 315 490 
3 728 827 358 
3 856 728 358 
3 728 856 687 
3 768 728 687 
3 728 768 423 
3 862 46 828 
3 46 862 103 
3 5 984 635 
3 5 130 984 
3 110 232 12 
3 232 110 664 
3 423 198 969 
3 732 62 792 
3 62 732 423 
3 423 732 810 
3 732 761 810 
3 761 732 792 
3 160 82 671 
3 82 129 671 
3 82 160 828 
3 46 82 828 
3 82 46 103 
3 660 82 103 
3 580 743 671 
3 743 580 923 
3 727 266 404 
3 539 727 404 
3 727 539 266 
3 397 542 635 
3 542 28 635 
3 28 542 742 
3 542 322 742 
3 322 542 397 
3 880 197 635 
3 242 490 221 
3 490 242 684 
3 367 242 979 
3 7 162 979 
3 162 7 783 
3 7 481 783 
3 242 7 979 
3 7 242 481 
3 130 993 984 
3 993 258 984 
3 993 937 258 
3 581 575 868 
3 937 575 581 
3 497 49 104 
3 497 315 49 
3 377 497 104 
3 239 497 377 
3 242 497 239 
3 315 497 221 
3 497 242 221 
3 475 49 490 
3 235 803 423 
3 803 728 423 
3 803 235 969 
3 471 803 969 
3 803 471 728 
3 119 35 197 
3 35 119 103 
3 862 35 103 
3 160 143 828 
3 143 862 828 
3 197 712 635 
3 712 5 635 
3 130 400 355 
3 89 367 12 
3 232 89 12 
3 89 460 367 
3 623 198 423 
3 623 423 810 
3 658 623 810 
3 623 658 969 
3 198 623 969 
3 82 736 129 
3 957 660 613 
3 957 82 660 
3 957 119 724 
3 119 957 613 
3 957 736 82 
3 362 957 724 
3 129 693 671 
3 693 580 671 
3 456 119 197 
3 880 456 197 
3 456 880 635 
3 724 456 635 
3 119 456 724 
3 242 347 684 
3 347 242 367 
3 347 490 684 
3 242 960 481 
3 960 242 239 
3 142 927 130 
3 927 993 130 
3 993 927 142 
3 937 809 142 
3 809 993 142 
3 993 809 937 
3 575 99 783 
3 99 575 937 
3 783 99 983 
3 99 937 983 
3 174 475 490 
3 460 174 367 
3 347 174 490 
3 174 347 367 
3 728 134 827 
3 471 134 728 
3 658 933 969 
3 104 933 810 
3 933 658 810 
3 574 160 358 
3 574 143 160 
3 827 574 358 
3 712 302 5 
3 400 485 355 
3 35 535 197 
3 535 167 197 
3 167 492 197 
3 492 485 400 
3 492 232 664 
3 736 227 129 
3 957 227 736 
3 580 184 923 
3 693 667 580 
3 667 184 580 
3 184 667 69 
3 667 957 362 
3 667 362 742 
3 173 667 742 
3 681 471 969 
3 933 681 969 
3 5 211 130 
3 211 400 130 
3 130 179 664 
3 179 492 664 
3 492 179 485 
3 179 130 355 
3 485 179 355 
3 184 48 923 
3 57 184 69 
3 539 57 266 
3 57 48 184 
3 266 57 173 
3 57 539 923 
3 48 57 923 
3 57 667 173 
3 667 57 69 
3 495 227 957 
3 667 495 957 
3 495 693 129 
3 227 495 129 
3 302 344 5 
3 344 211 5 
3 344 712 197 
3 344 302 712 
3 211 344 400 
3 492 344 197 
3 344 492 400 
3 47 667 693 
3 495 47 693 
3 47 495 667 
3 481 960 783 
3 960 575 783 
3 960 239 868 
3 575 960 868 
3 143 681 862 
3 49 681 104 
3 574 681 143 
3 681 35 862 
3 174 681 475 
3 681 89 232 
3 475 681 49 
3 681 134 471 
3 535 681 167 
3 681 492 167 
3 89 681 460 
3 681 174 460 
3 134 681 827 
3 681 933 104 
3 681 574 827 
3 681 535 35 
3 492 681 232 
Vertices and facets:
- p814(v29):   -11   5.4 -1.8e+02
  neighbors: f121 f123 f216 f380 f381
- p792(v7):   -11   -34 -1.8e+02
  neighbors: f121 f123 f126 f289 f434 f438
- p742(v3): 0.015   -37 -1.8e+02
  neighbors: f121 f288 f289 f322 f380 f461 f462 f645 f646
- p930(v17):   -11    36 -1.8e+02
  neighbors: f123 f125 f126 f216 f217 f218 f377 f379
- p761(v30):   -11   9.3 -1.8e+02
  neighbors: f125 f126 f437 f438
- p810(v0):   -34  -1.9  -6.1
  neighbors: f125 f218 f219 f436 f437 f538 f539 f606 f607
- p423(v37):   -11   -40 -1.7e+02
  neighbors: f169 f172 f287 f290 f295 f406 f431 f435 f436 f504 f505 f537 f538
- p173(v21):  -9.5   -40 -1.7e+02
  neighbors: f169 f174 f287 f288 f646 f670 f673
- p404(v13):   -10   -40 -1.6e+02
  neighbors: f169 f172 f174 f181 f248 f249 f312 f456 f457
- p687(v32):   -16   -30  -5.3
  neighbors: f172 f249 f295 f403 f405
- p266(v38):  -8.7   -40 -1.7e+02
  neighbors: f174 f456 f458 f668 f670
- p160(v39):    12   -31  -1.1
  neighbors: f178 f439 f441 f514 f608 f609
- p671(v23):    11   -32  -3.4
  neighbors: f178 f299 f439 f440 f449 f559 f560
- p358(v6):  -8.3   -33 -0.55
  neighbors: f178 f181 f248 f299 f300 f398 f401 f608 f611
- p923(v40):  -4.2   -40 -1.6e+02
  neighbors: f181 f300 f312 f451 f635 f665 f671 f672
- p110(v47):    18    29  -1.4
  neighbors: f209 f350 f351 f422 f428
- p130(v28):    11    38 -1.7e+02
  neighbors: f209 f344 f346 f349 f351 f419 f483 f522 f585 f586 f652 f653 f656 f659
- p664(v15):    24    24  -4.1
  neighbors: f209 f428 f628 f656 f657
- p737(v48):   -11    24 -1.8e+02
  neighbors: f216 f379 f381
- p377(v49):   -11    38 -1.7e+02
  neighbors: f217 f218 f219 f353 f492 f493
- p868(v31):   -10    39 -1.7e+02
  neighbors: f217 f353 f377 f378 f488 f693 f694
- p104(v19):   -32   8.7  -0.1
  neighbors: f219 f490 f492 f606 f697 f709
- p856(v54):   -15   -30  -3.5
  neighbors: f248 f249 f401 f403
- p367(v56):  -6.3    33 -0.51
  neighbors: f260 f261 f474 f528 f531 f578 f597 f599
- p283(v46):   5.1    33  -2.8
  neighbors: f260 f261 f345 f366 f367
- p979(v5):  -2.8    34  -1.9
  neighbors: f260 f367 f474 f476 f479
- p12(v27):    12    31    -1
  neighbors: f261 f344 f345 f349 f350 f422 f528 f529
- p62(v61):   -11   -38 -1.8e+02
  neighbors: f287 f288 f289 f434 f435
- p235(v62):   -24   -23  -3.2
  neighbors: f290 f504 f506
- p969(v35):   -31   -14 -0.49
  neighbors: f290 f431 f506 f507 f540 f541 f605 f649 f650
- p768(v63):   -18   -28  -4.7
  neighbors: f295 f405 f406
- p743(v65):   8.5   -32  -6.1
  neighbors: f299 f300 f449 f451
- p539(v67):  -4.9   -40 -1.6e+02
  neighbors: f312 f457 f458 f668 f671
- p85(v68):    11    28 -1.7e+02
  neighbors: f315 f316 f317 f318
- p258(v24):    11    30 -1.8e+02
  neighbors: f315 f316 f383 f384 f484 f485
- p984(v8):    11    34 -1.7e+02
  neighbors: f315 f317 f418 f419 f483 f484
- p397(v42):    11    21 -1.8e+02
  neighbors: f316 f318 f383 f459 f463
- p635(v1):    34 0.00041  -5.2
  neighbors: f317 f318 f319 f418 f459 f460 f464 f519 f520 f574 f575
- p28(v69):    11   -32 -1.8e+02
  neighbors: f319 f322 f323 f460 f461
- p724(v14):    11   -33 -1.8e+02
  neighbors: f319 f323 f550 f553 f575 f576
- p362(v22):   8.1   -37 -1.8e+02
  neighbors: f322 f323 f553 f644 f645
- p660(v71):    32   -12  -5.7
  neighbors: f331 f332 f446 f548 f549
- p119(v70):    33  -9.4  -1.1
  neighbors: f331 f332 f511 f512 f550 f551 f572 f576
- p103(v25):    30   -16  -1.1
  neighbors: f331 f412 f444 f446 f512 f513
- p613(v44):    32   -11  -4.7
  neighbors: f332 f548 f551
- p414(v74):   9.2    38 -1.6e+02
  neighbors: f344 f345 f346 f348 f365 f366
- p142(v73):   8.2    38 -1.6e+02
  neighbors: f346 f348 f373 f585 f587 f588 f589
- p983(v16):   5.3    38 -1.6e+02
  neighbors: f348 f364 f365 f373 f593 f594
- p738(v75):    15    30  -2.1
  neighbors: f349 f350 f351
- p239(v76):   -11    39 -1.7e+02
  neighbors: f353 f493 f494 f584 f693
- p162(v78):   3.3    34  -3.1
  neighbors: f364 f365 f366 f367 f476 f477
- p783(v52):  -3.7    39 -1.6e+02
  neighbors: f364 f477 f478 f591 f593 f690 f692
- p937(v79):   4.6    38 -1.7e+02
  neighbors: f373 f384 f385 f485 f489 f588 f590 f592 f594
- p322(v80): -0.23    35 -1.8e+02
  neighbors: f377 f378 f379 f380 f381 f383 f384 f385 f462 f463
- p581(v53):  -1.7    39 -1.8e+02
  neighbors: f378 f385 f488 f489
- p315(v81):   -27    20  -2.5
  neighbors: f386 f387 f491 f495
- p490(v33):   -19    28 -0.34
  neighbors: f386 f387 f467 f470 f498 f579 f596 f598
- p221(v9):   -25    23  -3.7
  neighbors: f386 f467 f495 f496
- p49(v55):   -30    13  -0.1
  neighbors: f387 f490 f491 f498 f697 f702
- p728(v83):   -20   -27 -0.14
  neighbors: f398 f401 f403 f405 f406 f505 f508 f601 f602
- p827(v57):    -8   -31  -0.1
  neighbors: f398 f601 f611 f708 f710
- p862(v84):    24   -22  -0.1
  neighbors: f411 f412 f513 f515 f696 f699
- p46(v45):    27   -21  -2.2
  neighbors: f411 f412 f442 f444
- p828(v10):    19   -28 -0.94
  neighbors: f411 f441 f442 f514 f515
- p5(v85):    33   7.9  -3.2
  neighbors: f418 f419 f520 f613 f652 f680 f681
- p232(v86):    19    28  -0.1
  neighbors: f422 f428 f529 f628 f701 f712
- p198(v87):   -31   -13  -4.8
  neighbors: f431 f537 f541
- p732(v88):   -11   -35 -1.7e+02
  neighbors: f434 f435 f436 f437 f438
- p82(v89):    11   -37 -1.6e+02
  neighbors: f439 f440 f441 f442 f444 f446 f542 f549 f552
- p129(v66):   8.3   -38 -1.6e+02
  neighbors: f440 f542 f559 f630 f678 f679
- p580(v90):     2   -39 -1.6e+02
  neighbors: f449 f451 f560 f635 f639 f640
- p727(v91):  -7.6   -40 -1.6e+02
  neighbors: f456 f457 f458
- p542(v92):    11 -0.57 -1.8e+02
  neighbors: f459 f460 f461 f462 f463
- p880(v93):    34  -3.4  -1.7
  neighbors: f464 f573 f574
- p197(v58):    34  0.92 -0.41
  neighbors: f464 f511 f519 f572 f573 f622 f623 f625 f682 f685
- p242(v94):   -11    39 -1.6e+02
  neighbors: f467 f470 f474 f479 f480 f494 f496 f577 f578 f582 f584
- p684(v20):   -15    30  -6.1
  neighbors: f470 f577 f579
- p7(v95): -0.42    34  -5.6
  neighbors: f476 f477 f478 f479 f480
- p481(v77):    -9    39 -1.6e+02
  neighbors: f478 f480 f582 f690
- p993(v96):   9.1    38 -1.7e+02
  neighbors: f483 f484 f485 f586 f587 f589 f590
- p575(v97):    -6    39 -1.8e+02
  neighbors: f488 f489 f591 f592 f692 f694
- p497(v98):   -29    18  -5.2
  neighbors: f490 f491 f492 f493 f494 f495 f496
- p475(v99):   -20    26  -0.1
  neighbors: f498 f596 f700 f702
- p803(v101):   -22   -25 -0.54
  neighbors: f504 f505 f506 f507 f508
- p471(v100):   -26   -20  -0.1
  neighbors: f507 f508 f602 f649 f703
- p35(v102):    31   -12  -0.1
  neighbors: f511 f512 f513 f622 f699 f711
- p143(v103):    16   -29  -0.1
  neighbors: f514 f515 f609 f696 f698
- p712(v104):    34   2.2  -2.9
  neighbors: f519 f520 f613 f682 f683
- p400(v105):    29    18  -1.4
  neighbors: f522 f618 f627 f653 f684 f686
- p355(v26):    28    19  -5.3
  neighbors: f522 f618 f659 f660
- p89(v106):    14    29  -0.1
  neighbors: f528 f529 f531 f701 f706
- p460(v82):  -3.5    31  -0.1
  neighbors: f531 f597 f706 f707
- p623(v108):   -33  -7.8  -1.4
  neighbors: f537 f538 f539 f540 f541
- p658(v59):   -33  -6.9  -1.2
  neighbors: f539 f540 f605 f607
- p736(v109):    11   -37 -1.7e+02
  neighbors: f542 f552 f630 f631
- p957(v110):    11   -37 -1.7e+02
  neighbors: f548 f549 f550 f551 f552 f553 f631 f644 f676 f677
- p693(v111):     5   -39 -1.6e+02
  neighbors: f559 f560 f639 f678 f687 f688
- p456(v113):    33  -6.3  -1.4
  neighbors: f572 f573 f574 f575 f576
- p347(v114):   -12    32  -5.8
  neighbors: f577 f578 f579 f598 f599
- p960(v115):   -11    39 -1.6e+02
  neighbors: f582 f584 f690 f692 f693 f694
- p927(v116):    11    38 -1.7e+02
  neighbors: f585 f586 f587
- p809(v117):     8    38 -1.7e+02
  neighbors: f588 f589 f590
- p99(v118):   1.6    39 -1.7e+02
  neighbors: f591 f592 f593 f594
- p174(v119):   -13    30  -0.1
  neighbors: f596 f597 f598 f599 f700 f707
- p134(v120):   -17   -28  -0.1
  neighbors: f601 f602 f703 f708
- p933(v121):   -34 -0.14  -0.1
  neighbors: f605 f606 f607 f650 f709
- p574(v122):  -2.2   -32  -0.1
  neighbors: f608 f609 f611 f698 f710
- p302(v123):    33   7.8  -2.7
  neighbors: f613 f680 f683
- p485(v124):    27    20  -1.9
  neighbors: f618 f627 f658 f660
- p535(v125):    32  -1.9  -0.1
  neighbors: f622 f623 f704 f711
- p167(v107):    31   4.9  -0.1
  neighbors: f623 f625 f704 f705
- p492(v126):    25    23  -0.1
  neighbors: f625 f627 f628 f657 f658 f685 f686 f705 f712
- p227(v127):   8.2   -38 -1.6e+02
  neighbors: f630 f631 f676 f679
- p184(v128):  -1.1   -40 -1.6e+02
  neighbors: f635 f640 f641 f665 f667 f669
- p667(v129):   2.5   -39 -1.7e+02
  neighbors: f639 f640 f641 f644 f645 f646 f673 f674 f677 f687 f689
- p69(v112): -0.11   -40 -1.7e+02
  neighbors: f641 f667 f674
- p681(v130):   -32  -6.1  -0.1
  neighbors: f649 f650 f696 f697 f698 f699 f700 f701 f702 f703 f704 f705 f706 f707 f708 f709 f710 f711 f712
- p211(v131):    32    10  -1.8
  neighbors: f652 f653 f681 f684
- p179(v132):    26    22  -3.2
  neighbors: f656 f657 f658 f659 f660
- p48(v134):  -2.6   -40 -1.6e+02
  neighbors: f665 f669 f672
- p57(v135):  -2.1   -40 -1.7e+02
  neighbors: f667 f668 f669 f670 f671 f672 f673 f674
- p495(v136):   6.7   -38 -1.7e+02
  neighbors: f676 f677 f678 f679 f688 f689
- p344(v137):    33   7.6  -1.3
  neighbors: f680 f681 f682 f683 f684 f685 f686
- p47(v138):   4.9   -39 -1.6e+02
  neighbors: f687 f688 f689
- f121
    - flags: top simplicial
    - normal:   -0.2962 7.804e-05  -0.9551
    - offset:  -171.2543
    - vertices: p814(v29) p792(v7) p742(v3)
    - neighboring facets: f289 f380 f123
- f123
    - flags: top simplicial
    - normal:   -0.8726 0.0002299  -0.4884
    - offset:  -95.69266
    - vertices: p814(v29) p930(v17) p792(v7)
    - neighboring facets: f126 f121 f216
- f125
    - flags: top simplicial
    - normal:   -0.9914 -2.487e-05  -0.1307
    - offset:  -34.25639
    - vertices: p761(v30) p930(v17) p810(v0)
    - neighboring facets: f218 f437 f126
- f126
    - flags: bottom simplicial
    - normal:   -0.9015 -8.238e-05  -0.4329
    - offset:  -86.26154
    - vertices: p761(v30) p930(v17) p792(v7)
    - neighboring facets: f123 f438 f125
- f169
    - flags: bottom simplicial
    - normal:   -0.2454  -0.9694 -0.008659
    - offset:  -43.01064
    - vertices: p423(v37) p173(v21) p404(v13)
    - neighboring facets: f174 f172 f287
- f172
    - flags: top simplicial
    - normal:   -0.4743  -0.8794   0.0409
    - offset:  -33.66445
    - vertices: p423(v37) p687(v32) p404(v13)
    - neighboring facets: f249 f169 f295
- f174
    - flags: top simplicial
    - normal:  1.417e-05       -1 -7.416e-06
    - offset:  -40.40196
    - vertices: p266(v38) p173(v21) p404(v13)
    - neighboring facets: f169 f456 f670
- f178
    - flags: top simplicial
    - normal:   0.07804  -0.9808    0.179
    - offset:  -31.52677
    - center: 5.069546666666668 -32.04633333333334 -1.668013 
    - vertices: p160(v39) p671(v23) p358(v6)
    - neighboring facets: f299 f608 f439
- f181
    - flags: top simplicial
    - normal:  -0.01682  -0.9988  0.04672
    - offset:  -32.97986
    - vertices: p923(v40) p404(v13) p358(v6)
    - neighboring facets: f248 f300 f312
- f209
    - flags: top simplicial
    - normal:    0.6137   0.7894  0.01713
    - offset:  -33.65786
    - center: 17.57196666666666 30.2321 -57.81334333333333 
    - vertices: p110(v47) p130(v28) p664(v15)
    - neighboring facets: f656 f428 f351
- f216
    - flags: bottom simplicial
    - normal:   -0.3504 0.007677  -0.9366
    - offset:  -168.6437
    - vertices: p737(v48) p814(v29) p930(v17)
    - neighboring facets: f123 f379 f381
- f217
    - flags: bottom simplicial
    - normal:   -0.9086   0.3819  -0.1692
    - offset:  -53.65539
    - center: -10.96953333333333 37.6353 -173.236 
    - vertices: p377(v49) p868(v31) p930(v17)
    - neighboring facets: f377 f218 f353
- f218
    - flags: bottom simplicial
    - normal:   -0.9772   0.1939 -0.08593
    - offset:  -33.13933
    - vertices: p377(v49) p930(v17) p810(v0)
    - neighboring facets: f125 f219 f217
- f219
    - flags: top simplicial
    - normal:   -0.9764   0.1987 -0.08464
    - offset:  -33.09382
    - center: -25.76636666666668 15.01085666666667 -58.51953573333333 
    - vertices: p377(v49) p104(v19) p810(v0)
    - neighboring facets: f606 f218 f492
- f248
    - flags: bottom simplicial
    - normal:   -0.3835  -0.9224  0.04698
    - offset:  -33.51115
    - center: -11.0963 -34.52686666666666 -55.12759633333334 
    - vertices: p856(v54) p404(v13) p358(v6)
    - neighboring facets: f181 f401 f249
- f249
    - flags: bottom simplicial
    - normal:   -0.4338     -0.9  0.04395
    - offset:  -33.59792
    - center: -13.76334666666666 -33.46856666666666 -56.71094 
    - vertices: p856(v54) p687(v32) p404(v13)
    - neighboring facets: f172 f248 f403
- f260
    - flags: bottom simplicial
    - normal:   0.09397   0.8401   0.5343
    - offset:  -26.99209
    - center: -1.34227 33.37326666666667 -1.718426333333332 
    - vertices: p367(v56) p283(v46) p979(v5)
    - neighboring facets: f367 f474 f261
- f261
    - flags: top simplicial
    - normal:   0.09635   0.8324   0.5458
    - offset:  -26.71563
    - center: 3.736926666666667 32.60956666666667 -1.443803000000001 
    - vertices: p367(v56) p283(v46) p12(v27)
    - neighboring facets: f345 f528 f260
- f287
    - flags: top simplicial
    - normal:   -0.7815  -0.5772  -0.2368
    - offset:  -71.97198
    - vertices: p62(v61) p423(v37) p173(v21)
    - neighboring facets: f169 f288 f435
- f288
    - flags: top simplicial
    - normal:   -0.1807  -0.6533  -0.7352
    - offset:  -156.0339
    - vertices: p62(v61) p173(v21) p742(v3)
    - neighboring facets: f646 f289 f287
- f289
    - flags: bottom simplicial
    - normal:   -0.3061 -0.03726  -0.9513
    - offset:  -171.9484
    - vertices: p62(v61) p792(v7) p742(v3)
    - neighboring facets: f121 f288 f434
- f290
    - flags: top simplicial
    - normal:   -0.8375  -0.5463 -0.01159
    - offset:  -33.36096
    - center: -22.193 -25.82383333333334 -57.50077066666667 
    - vertices: p235(v62) p423(v37) p969(v35)
    - neighboring facets: f431 f506 f504
- f295
    - flags: bottom simplicial
    - normal:    -0.532  -0.8459  0.03708
    - offset:  -33.63015
    - center: -15.33363333333334 -32.72430000000001 -59.59674666666667 
    - vertices: p768(v63) p423(v37) p687(v32)
    - neighboring facets: f172 f405 f406
- f299
    - flags: bottom simplicial
    - normal:   0.07247  -0.9877   0.1383
    - offset:  -31.82502
    - vertices: p743(v65) p671(v23) p358(v6)
    - neighboring facets: f178 f300 f449
- f300
    - flags: top simplicial
    - normal:   0.04305  -0.9979  0.04827
    - offset:  -32.45346
    - vertices: p743(v65) p923(v40) p358(v6)
    - neighboring facets: f181 f299 f451
- f312
    - flags: bottom simplicial
    - normal:  -0.008879  -0.9992  0.03836
    - offset:  -34.26957
    - vertices: p539(v67) p923(v40) p404(v13)
    - neighboring facets: f181 f457 f671
- f315
    - flags: bottom simplicial
    - normal:    0.9171   0.1124  -0.3825
    - offset:  -80.34537
    - center: 11.19143333333333 30.43463333333333 -174.2716666666667 
    - vertices: p85(v68) p258(v24) p984(v8)
    - neighboring facets: f484 f317 f316
- f316
    - flags: bottom simplicial
    - normal:    0.9037  0.07911  -0.4207
    - offset:  -85.93001
    - vertices: p85(v68) p397(v42) p258(v24)
    - neighboring facets: f383 f315 f318
- f317
    - flags: bottom simplicial
    - normal:    0.9914    0.037  -0.1259
    - offset:  -34.35687
    - vertices: p85(v68) p984(v8) p635(v1)
    - neighboring facets: f418 f318 f315
- f318
    - flags: top simplicial
    - normal:    0.9915  0.02408   -0.128
    - offset:  -34.37215
    - vertices: p85(v68) p397(v42) p635(v1)
    - neighboring facets: f459 f317 f316
- f319
    - flags: top simplicial
    - normal:    0.9908 -0.06394  -0.1189
    - offset:  -34.30343
    - vertices: p28(v69) p724(v14) p635(v1)
    - neighboring facets: f575 f460 f323
- f322
    - flags: bottom simplicial
    - normal:     0.385  -0.1903  -0.9031
    - offset:  -168.9869
    - vertices: p28(v69) p362(v22) p742(v3)
    - neighboring facets: f645 f461 f323
- f323
    - flags: top simplicial
    - normal:    0.6224  -0.3706  -0.6894
    - offset:   -140.065
    - vertices: p28(v69) p362(v22) p724(v14)
    - neighboring facets: f553 f319 f322
- f331
    - flags: bottom simplicial
    - normal:    0.9239  -0.3827 1.025e-05
    - offset:  -33.70909
    - center: 31.3888 -12.30689 -2.651416666666667 
    - vertices: p660(v71) p119(v70) p103(v25)
    - neighboring facets: f512 f446 f332
- f332
    - flags: top simplicial
    - normal:    0.9239  -0.3826 -4.36e-05
    - offset:  -33.70949
    - vertices: p660(v71) p119(v70) p613(v44)
    - neighboring facets: f551 f548 f331
- f344
    - flags: top simplicial
    - normal:    0.2806   0.9592  0.03359
    - offset:  -33.51373
    - vertices: p414(v74) p130(v28) p12(v27)
    - neighboring facets: f349 f345 f346
- f345
    - flags: bottom simplicial
    - normal:    0.2547   0.9664  0.03443
    - offset:  -33.41567
    - vertices: p414(v74) p283(v46) p12(v27)
    - neighboring facets: f261 f344 f366
- f346
    - flags: top simplicial
    - normal:    0.1676   0.9858  0.01342
    - offset:  -36.62287
    - center: 9.55161 37.73723333333334 -162.347 
    - vertices: p414(v74) p142(v73) p130(v28)
    - neighboring facets: f585 f344 f348
- f348
    - flags: bottom simplicial
    - normal:    0.1366   0.9905  0.01738
    - offset:  -35.89914
    - center: 7.575376666666667 38.00216666666667 -159.7176666666667 
    - vertices: p414(v74) p142(v73) p983(v16)
    - neighboring facets: f373 f365 f346
- f349
    - flags: bottom simplicial
    - normal:    0.3928   0.9191  0.03132
    - offset:  -33.65218
    - vertices: p738(v75) p130(v28) p12(v27)
    - neighboring facets: f344 f350 f351
- f350
    - flags: top simplicial
    - normal:    0.4304    0.888   0.1618
    - offset:  -33.00983
    - center: 15.121 30.1194 -1.512863333333333 
    - vertices: p738(v75) p110(v47) p12(v27)
    - neighboring facets: f422 f349 f351
- f351
    - flags: bottom simplicial
    - normal:    0.4593   0.8878  0.02843
    - offset:   -33.7134
    - vertices: p738(v75) p110(v47) p130(v28)
    - neighboring facets: f209 f349 f350
- f353
    - flags: top simplicial tested seen
    - normal:   -0.8548   0.5005  -0.1375
    - offset:  -52.19661
    - center: -10.7979 38.81926666666666 -171.244 
    - vertices: p239(v76) p377(v49) p868(v31)
    - neighboring facets: f217 f693 f493
    - ridges:
- f364
    - flags: top simplicial
    - normal:   0.08553   0.9958  0.03127
    - offset:  -33.60957
    - center: 1.672969999999999 36.99153333333333 -107.8223833333333 
    - vertices: p162(v78) p783(v52) p983(v16)
    - neighboring facets: f593 f365 f477
- f365
    - flags: bottom simplicial
    - normal:     0.121   0.9921  0.03161
    - offset:  -33.60314
    - vertices: p162(v78) p414(v74) p983(v16)
    - neighboring facets: f348 f364 f366
- f366
    - flags: top simplicial
    - normal:     0.125   0.9917  0.03174
    - offset:  -33.59936
    - vertices: p162(v78) p414(v74) p283(v46)
    - neighboring facets: f345 f367 f365
- f367
    - flags: top simplicial
    - normal:   0.07174   0.9495   0.3053
    - offset:  -31.16268
    - center: 1.88772 33.50483333333333 -2.578513333333333 
    - vertices: p162(v78) p283(v46) p979(v5)
    - neighboring facets: f260 f476 f366
- f373
    - flags: top simplicial tested
    - normal:    0.1175   0.9931 0.0003345
    - offset:  -38.62442
    - center: 6.064070000000001 38.23216666666667 -165.9236666666667 
    - vertices: p937(v79) p142(v73) p983(v16)
    - neighboring facets: f348 f594 f588
- f377
    - flags: top simplicial
    - normal:   -0.2715   0.2774  -0.9216
    - offset:  -174.7021
    - vertices: p322(v80) p868(v31) p930(v17)
    - neighboring facets: f217 f379 f378
- f378
    - flags: top simplicial
    - normal:    -0.197   0.4206  -0.8856
    - offset:  -173.2611
    - center: -3.980330666666661 37.54579999999999 -176.921 
    - vertices: p322(v80) p581(v53) p868(v31)
    - neighboring facets: f488 f377 f385
- f379
    - flags: bottom simplicial
    - normal:   -0.2945  0.01084  -0.9556
    - offset:  -171.4531
    - vertices: p322(v80) p737(v48) p930(v17)
    - neighboring facets: f216 f377 f381
- f380
    - flags: top simplicial
    - normal:   -0.2836 0.003723  -0.9589
    - offset:  -171.7994
    - vertices: p322(v80) p814(v29) p742(v3)
    - neighboring facets: f121 f462 f381
- f381
    - flags: top simplicial
    - normal:   -0.2902 0.006358   -0.957
    - offset:  -171.5413
    - vertices: p322(v80) p737(v48) p814(v29)
    - neighboring facets: f216 f380 f379
- f383
    - flags: top simplicial
    - normal:    0.2838   0.0119  -0.9588
    - offset:  -171.9379
    - vertices: p322(v80) p397(v42) p258(v24)
    - neighboring facets: f316 f384 f463
- f384
    - flags: bottom simplicial
    - normal:    0.4358   0.4322  -0.7895
    - offset:   -156.317
    - vertices: p322(v80) p937(v79) p258(v24)
    - neighboring facets: f485 f383 f385
- f385
    - flags: top simplicial
    - normal:    0.3203   0.5618  -0.7628
    - offset:  -156.1015
    - center: 0.9113259999999999 37.3148 -176.7853333333333 
    - vertices: p322(v80) p937(v79) p581(v53)
    - neighboring facets: f489 f378 f384
- f386
    - flags: bottom simplicial tested
    - normal:   -0.7072   0.6519   0.2737
    - offset:  -31.51036
    - center: -23.80866666666666 23.42096666666666 -2.175336333333336 
    - vertices: p315(v81) p490(v33) p221(v9)
    - neighboring facets: f467 f495 f387
- f387
    - flags: bottom simplicial tested
    - normal:     -0.63   0.4886   0.6036
    - offset:  -25.36648
    - center: -25.4745 20.2773 -0.9777120666666668 
    - vertices: p315(v81) p49(v55) p490(v33)
    - neighboring facets: f498 f386 f491
- f398
    - flags: top simplicial tested
    - normal:  -0.09912  -0.2637   0.9595
    - offset:  -8.975935
    - center: -12.18268333333334 -30.41176666666667 -0.2633370666666668 
    - vertices: p728(v83) p827(v57) p358(v6)
    - neighboring facets: f611 f401 f601
- f401
    - flags: bottom simplicial tested
    - normal:   -0.4327  -0.8796   0.1975
    - offset:  -32.43176
    - center: -14.53162 -30.03383333333333 -1.391041333333333 
    - vertices: p728(v83) p856(v54) p358(v6)
    - neighboring facets: f248 f398 f403
- f403
    - flags: top simplicial tested
    - normal:   -0.4898  -0.8667  0.09422
    - offset:  -33.25755
    - center: -17.19866666666666 -28.97553333333333 -2.974385 
    - vertices: p728(v83) p856(v54) p687(v32)
    - neighboring facets: f249 f405 f401
- f405
    - flags: bottom simplicial tested
    - normal:   -0.5277  -0.8477  0.05455
    - offset:  -33.51937
    - center: -18.28773333333333 -28.3753 -3.376191666666667 
    - vertices: p728(v83) p768(v63) p687(v32)
    - neighboring facets: f295 f403 f406
- f406
    - flags: top simplicial tested
    - normal:   -0.5579  -0.8292  0.03483
    - offset:  -33.63675
    - center: -16.66033333333333 -31.78773333333334 -57.87762166666667 
    - vertices: p728(v83) p768(v63) p423(v37)
    - neighboring facets: f295 f505 f405
- f411
    - flags: top simplicial tested
    - normal:     0.687  -0.6779   0.2616
    - offset:   -31.7375
    - center: 23.27726666666667 -23.6378 -1.066430066666666 
    - vertices: p862(v84) p46(v45) p828(v10)
    - neighboring facets: f442 f515 f412
- f412
    - flags: bottom simplicial tested
    - normal:    0.7205  -0.5672    0.399
    - offset:  -30.04915
    - center: 26.92463333333334 -19.56813333333334 -1.125365733333332 
    - vertices: p862(v84) p46(v45) p103(v25)
    - neighboring facets: f444 f513 f411
- f418
    - flags: top simplicial
    - normal:    0.9828   0.1543  -0.1012
    - offset:  -33.93944
    - vertices: p5(v85) p984(v8) p635(v1)
    - neighboring facets: f317 f520 f419
- f419
    - flags: top simplicial
    - normal:    0.9802   0.1721 -0.09813
    - offset:  -33.98234
    - vertices: p5(v85) p130(v28) p984(v8)
    - neighboring facets: f483 f418 f652
- f422
    - flags: bottom simplicial tested
    - normal:    0.4234   0.8488   0.3166
    - offset:  -31.53404
    - center: 16.55863333333333 29.21143333333333 -0.8606690666666665 
    - vertices: p232(v86) p110(v47) p12(v27)
    - neighboring facets: f350 f529 f428
- f428
    - flags: top simplicial tested
    - normal:    0.6197   0.7839  0.03924
    - offset:  -33.57505
    - center: 20.27136666666667 26.90076666666667 -1.873009066666667 
    - vertices: p232(v86) p110(v47) p664(v15)
    - neighboring facets: f209 f628 f422
- f431
    - flags: bottom simplicial
    - normal:   -0.8706  -0.4914 -0.02384
    - offset:  -33.61193
    - vertices: p198(v87) p423(v37) p969(v35)
    - neighboring facets: f290 f541 f537
- f434
    - flags: top simplicial
    - normal:   -0.9565  -0.1165  -0.2673
    - offset:  -61.70306
    - vertices: p732(v88) p62(v61) p792(v7)
    - neighboring facets: f289 f438 f435
- f435
    - flags: bottom simplicial
    - normal:   -0.9772  -0.1601  -0.1394
    - offset:   -41.0921
    - vertices: p732(v88) p62(v61) p423(v37)
    - neighboring facets: f287 f436 f434
- f436
    - flags: bottom simplicial
    - normal:   -0.9867  -0.1226  -0.1067
    - offset:  -34.18306
    - vertices: p732(v88) p423(v37) p810(v0)
    - neighboring facets: f538 f437 f435
- f437
    - flags: top simplicial
    - normal:   -0.9914 -0.002053  -0.1308
    - offset:  -34.26036
    - vertices: p732(v88) p761(v30) p810(v0)
    - neighboring facets: f125 f436 f438
- f438
    - flags: bottom simplicial
    - normal:    -0.988 -0.002426  -0.1546
    - offset:  -38.39382
    - vertices: p732(v88) p761(v30) p792(v7)
    - neighboring facets: f126 f434 f437
- f439
    - flags: bottom simplicial
    - normal:    0.3308  -0.9431  0.03261
    - offset:  -33.63535
    - vertices: p82(v89) p160(v39) p671(v23)
    - neighboring facets: f178 f440 f441
- f440
    - flags: top simplicial
    - normal:    0.2937  -0.9553  0.03294
    - offset:  -33.61014
    - vertices: p82(v89) p129(v66) p671(v23)
    - neighboring facets: f559 f439 f542
- f441
    - flags: top simplicial
    - normal:     0.463  -0.8859  0.02975
    - offset:  -33.48032
    - center: 14.30743333333333 -32.12883333333333 -53.96944100000001 
    - vertices: p82(v89) p160(v39) p828(v10)
    - neighboring facets: f514 f442 f439
- f442
    - flags: bottom simplicial
    - normal:    0.6902  -0.7236 0.009409
    - offset:  -33.30766
    - vertices: p82(v89) p46(v45) p828(v10)
    - neighboring facets: f411 f441 f444
- f444
    - flags: top simplicial
    - normal:    0.8319  -0.5544 -0.02196
    - offset:  -33.66407
    - vertices: p82(v89) p46(v45) p103(v25)
    - neighboring facets: f412 f446 f442
- f446
    - flags: bottom simplicial
    - normal:    0.9012   -0.431 -0.04677
    - offset:  -33.83561
    - vertices: p82(v89) p660(v71) p103(v25)
    - neighboring facets: f331 f444 f549
- f449
    - flags: top simplicial
    - normal:    0.1759  -0.9837  0.03805
    - offset:  -33.18541
    - vertices: p580(v90) p743(v65) p671(v23)
    - neighboring facets: f299 f560 f451
- f451
    - flags: bottom simplicial
    - normal:    0.1336  -0.9902  0.04018
    - offset:  -33.02487
    - vertices: p580(v90) p743(v65) p923(v40)
    - neighboring facets: f300 f635 f449
- f456
    - flags: top simplicial
    - normal:  3.825e-05       -1 -4.734e-06
    - offset:  -40.40128
    - vertices: p727(v91) p266(v38) p404(v13)
    - neighboring facets: f174 f457 f458
- f457
    - flags: bottom simplicial
    - normal:  0.009454  -0.9999  0.01007
    - offset:  -38.67868
    - vertices: p727(v91) p539(v67) p404(v13)
    - neighboring facets: f312 f456 f458
- f458
    - flags: top simplicial
    - normal:   0.03949  -0.9992 -0.004888
    - offset:  -40.86648
    - vertices: p727(v91) p539(v67) p266(v38)
    - neighboring facets: f668 f456 f457
- f459
    - flags: bottom simplicial
    - normal:    0.9914 -6.944e-05   -0.131
    - offset:  -34.38422
    - vertices: p542(v92) p397(v42) p635(v1)
    - neighboring facets: f318 f460 f463
- f460
    - flags: top simplicial
    - normal:    0.9914 -0.001024   -0.131
    - offset:   -34.3842
    - vertices: p542(v92) p28(v69) p635(v1)
    - neighboring facets: f319 f459 f461
- f461
    - flags: bottom simplicial
    - normal:    0.3264 -0.01168  -0.9451
    - offset:  -169.9096
    - vertices: p542(v92) p28(v69) p742(v3)
    - neighboring facets: f322 f462 f460
- f462
    - flags: top simplicial
    - normal:    0.2761 0.005629  -0.9611
    - offset:  -172.1293
    - vertices: p542(v92) p322(v80) p742(v3)
    - neighboring facets: f380 f461 f463
- f463
    - flags: bottom simplicial
    - normal:    0.2772 0.006013  -0.9608
    - offset:  -172.0862
    - vertices: p542(v92) p322(v80) p397(v42)
    - neighboring facets: f383 f459 f462
- f464
    - flags: top simplicial
    - normal:    0.9953 -0.08759  0.04238
    - offset:  -33.61943
    - vertices: p880(v93) p197(v58) p635(v1)
    - neighboring facets: f519 f574 f573
- f467
    - flags: top simplicial tested
    - normal:   -0.6584   0.7524  0.02099
    - offset:  -33.49089
    - center: -18.4588 29.84626666666667 -53.280523 
    - vertices: p242(v94) p490(v33) p221(v9)
    - neighboring facets: f386 f496 f470
- f470
    - flags: bottom simplicial tested
    - normal:   -0.4563   0.8889  0.04027
    - offset:  -33.49583
    - center: -15.03156666666667 32.4155 -54.07847966666666 
    - vertices: p242(v94) p490(v33) p684(v20)
    - neighboring facets: f579 f577 f467
- f474
    - flags: bottom simplicial tested
    - normal:   -0.1152   0.9925  0.04037
    - offset:    -33.627
    - center: -6.846306666666666 35.23033333333333 -52.72727633333333 
    - vertices: p242(v94) p367(v56) p979(v5)
    - neighboring facets: f260 f479 f578
- f476
    - flags: top simplicial tested
    - normal:    0.0322    0.994   0.1044
    - offset:  -33.14361
    - center: 0.0384266666666665 33.7114 -3.51742 
    - vertices: p7(v95) p162(v78) p979(v5)
    - neighboring facets: f367 f479 f477
- f477
    - flags: bottom simplicial tested
    - normal:   0.08094   0.9962  0.03149
    - offset:  -33.60618
    - center: -0.2471199999999998 35.53446666666667 -56.34377333333333 
    - vertices: p7(v95) p162(v78) p783(v52)
    - neighboring facets: f364 f478 f476
- f478
    - flags: top simplicial tested seen
    - normal:    0.0125   0.9994  0.03303
    - offset:  -33.73342
    - center: -4.357836666666667 37.38103333333333 -108.0897233333333 
    - vertices: p7(v95) p481(v77) p783(v52)
    - neighboring facets: f690 f477 f480
    - ridges:
- f479
    - flags: bottom simplicial tested
    - normal:  -0.07174   0.9967  0.03809
    - offset:  -33.64948
    - center: -4.871720000000001 35.4903 -54.42270333333334 
    - vertices: p7(v95) p242(v94) p979(v5)
    - neighboring facets: f474 f476 f480
- f480
    - flags: top simplicial tested
    - normal:  -0.04634   0.9983  0.03629
    - offset:  -33.70222
    - center: -6.930426666666667 37.31336666666667 -106.5777233333333 
    - vertices: p7(v95) p242(v94) p481(v77)
    - neighboring facets: f582 f478 f479
- f483
    - flags: bottom simplicial
    - normal:     0.794   0.4871  -0.3638
    - offset:  -88.31216
    - vertices: p993(v96) p130(v28) p984(v8)
    - neighboring facets: f419 f484 f586
- f484
    - flags: top simplicial
    - normal:    0.6049   0.4226  -0.6749
    - offset:  -137.6858
    - vertices: p993(v96) p258(v24) p984(v8)
    - neighboring facets: f315 f483 f485
- f485
    - flags: top simplicial
    - normal:    0.4513   0.4409  -0.7758
    - offset:  -154.3426
    - vertices: p993(v96) p937(v79) p258(v24)
    - neighboring facets: f384 f484 f590
- f488
    - flags: bottom simplicial tested seen
    - normal:  -0.08438   0.8278  -0.5547
    - offset:  -130.1876
    - center: -5.908723333333337 38.90583333333337 -175.7516666666667 
    - vertices: p575(v97) p581(v53) p868(v31)
    - neighboring facets: f378 f694 f489
    - ridges:
- f489
    - flags: bottom simplicial tested
    - normal:   0.07863   0.9856  -0.1497
    - offset:  -64.33223
    - center: -1.017066666666667 38.67483333333334 -175.616 
    - vertices: p575(v97) p937(v79) p581(v53)
    - neighboring facets: f385 f488 f592
- f490
    - flags: top simplicial tested seen
    - normal:   -0.9092   0.4009   0.1123
    - offset:  -32.66749
    - center: -30.2711 13.33465333333333 -1.7905748 
    - vertices: p497(v98) p49(v55) p104(v19)
    - neighboring facets: f697 f492 f491
    - ridges:
- f491
    - flags: top simplicial tested
    - normal:    -0.893   0.4269   0.1426
    - offset:  -32.51896
    - center: -28.70846666666667 16.98696666666666 -2.5877224 
    - vertices: p497(v98) p315(v81) p49(v55)
    - neighboring facets: f387 f490 f495
- f492
    - flags: bottom simplicial tested
    - normal:   -0.9447   0.3225 -0.05912
    - offset:   -33.1463
    - center: -24.03913333333334 21.68785333333334 -58.21657573333332 
    - vertices: p497(v98) p377(v49) p104(v19)
    - neighboring facets: f219 f490 f493
- f493
    - flags: bottom simplicial tested
    - normal:   -0.8542   0.5193 -0.02555
    - offset:  -33.95704
    - center: -16.96873333333331 31.83313333333332 -114.6905766666667 
    - vertices: p497(v98) p239(v76) p377(v49)
    - neighboring facets: f353 f492 f494
- f494
    - flags: bottom simplicial tested
    - normal:   -0.8395    0.543 -0.02096
    - offset:  -33.94213
    - center: -16.95500000000002 32.04540000000001 -110.16691 
    - vertices: p497(v98) p242(v94) p239(v76)
    - neighboring facets: f584 f493 f496
- f495
    - flags: bottom simplicial tested
    - normal:   -0.7934   0.6088 1.415e-05
    - offset:  -33.70906
    - center: -27.04263333333333 20.13063333333333 -3.785346666666667 
    - vertices: p497(v98) p315(v81) p221(v9)
    - neighboring facets: f386 f496 f491
- f496
    - flags: top simplicial tested
    - normal:   -0.7923   0.6101 -0.006333
    - offset:  -33.73619
    - center: -21.69276666666667 26.55593333333334 -54.89053333333333 
    - vertices: p497(v98) p242(v94) p221(v9)
    - neighboring facets: f467 f495 f494
- f498
    - flags: top simplicial tested seen
    - normal:   -0.5209    0.408   0.7498
    - offset:  -20.99958
    - center: -23.08423333333333 22.3324 -0.1805644666666651 
    - vertices: p475(v99) p49(v55) p490(v33)
    - neighboring facets: f387 f596 f702
    - ridges:
- f504
    - flags: bottom simplicial
    - normal:   -0.6757  -0.7369  0.02014
    - offset:  -33.77239
    - vertices: p803(v101) p235(v62) p423(v37)
    - neighboring facets: f290 f505 f506
- f505
    - flags: top simplicial
    - normal:   -0.6119  -0.7904  0.02899
    - offset:  -33.68927
    - vertices: p803(v101) p728(v83) p423(v37)
    - neighboring facets: f406 f504 f508
- f506
    - flags: top simplicial
    - normal:   -0.7875  -0.5783   0.2133
    - offset:  -32.16435
    - vertices: p803(v101) p235(v62) p969(v35)
    - neighboring facets: f290 f507 f504
- f507
    - flags: bottom simplicial
    - normal:   -0.3961  -0.2945   0.8697
    - offset:  -15.85703
    - center: -26.20826666666666 -19.708 -0.3766767333333301 
    - vertices: p803(v101) p471(v100) p969(v35)
    - neighboring facets: f649 f506 f508
- f508
    - flags: top simplicial
    - normal:   -0.3859  -0.2892    0.876
    - offset:  -15.49223
    - center: -22.74593333333333 -24.0053 -0.2610477333333309 
    - vertices: p803(v101) p471(v100) p728(v83)
    - neighboring facets: f602 f505 f507
- f511
    - flags: bottom simplicial tested
    - normal:    0.6972  -0.1333   0.7043
    - offset:  -23.21014
    - center: 32.52256666666667 -6.844499333333334 -0.5365280666666666 
    - vertices: p35(v102) p119(v70) p197(v58)
    - neighboring facets: f572 f622 f512
- f512
    - flags: top simplicial tested
    - normal:    0.8683  -0.3607   0.3407
    - offset:  -31.31425
    - center: 31.23036666666667 -12.37075666666667 -0.7734890666666672 
    - vertices: p35(v102) p119(v70) p103(v25)
    - neighboring facets: f331 f513 f511
- f513
    - flags: bottom simplicial tested seen
    - normal:    0.5647  -0.3813    0.732
    - offset:  -22.09048
    - center: 28.39763333333334 -16.72586666666666 -0.4399748000000021 
    - vertices: p35(v102) p862(v84) p103(v25)
    - neighboring facets: f412 f512 f699
    - ridges:
- f514
    - flags: bottom simplicial tested
    - normal:    0.3792  -0.7448   0.5491
    - offset:  -27.46248
    - center: 15.86663333333333 -29.31423333333333 -0.7047733999999998 
    - vertices: p143(v103) p160(v39) p828(v10)
    - neighboring facets: f441 f515 f609
- f515
    - flags: top simplicial tested seen
    - normal:    0.3708  -0.4682   0.8021
    - offset:  -19.35656
    - center: 19.77556666666667 -26.33443333333333 -0.3810391333333323 
    - vertices: p143(v103) p862(v84) p828(v10)
    - neighboring facets: f411 f514 f696
    - ridges:
- f519
    - flags: bottom simplicial
    - normal:    0.9914   0.1305 4.829e-06
    - offset:  -33.70921
    - vertices: p712(v104) p197(v58) p635(v1)
    - neighboring facets: f464 f520 f682
- f520
    - flags: top simplicial
    - normal:    0.9914   0.1305 -3.143e-05
    - offset:  -33.70924
    - vertices: p712(v104) p5(v85) p635(v1)
    - neighboring facets: f418 f519 f613
- f522
    - flags: bottom simplicial
    - normal:    0.8313   0.5554 -0.02196
    - offset:  -33.89337
    - vertices: p400(v105) p130(v28) p355(v26)
    - neighboring facets: f659 f618 f653
- f528
    - flags: top simplicial tested
    - normal:   0.06438   0.3965   0.9158
    - offset:  -12.27233
    - center: 6.639323333333333 31.14753333333333 -0.5503187333333339 
    - vertices: p89(v106) p367(v56) p12(v27)
    - neighboring facets: f261 f529 f531
- f529
    - flags: bottom simplicial tested seen
    - normal:    0.1062    0.416   0.9031
    - offset:  -13.41737
    - center: 15.20963333333333 29.2683 -0.4133547999999996 
    - vertices: p89(v106) p232(v86) p12(v27)
    - neighboring facets: f422 f528 f701
    - ridges:
- f531
    - flags: top simplicial tested seen
    - normal:   0.03995   0.2839    0.958
    - offset:   -8.67268
    - center: 1.330566666666667 31.16053333333333 -0.2369611333333329 
    - vertices: p89(v106) p460(v82) p367(v56)
    - neighboring facets: f597 f528 f706
    - ridges:
- f537
    - flags: top simplicial
    - normal:   -0.9501  -0.3054 -0.06362
    - offset:  -33.80258
    - vertices: p623(v108) p198(v87) p423(v37)
    - neighboring facets: f431 f538 f541
- f538
    - flags: top simplicial
    - normal:   -0.9763   -0.198 -0.08761
    - offset:  -33.85763
    - vertices: p623(v108) p423(v37) p810(v0)
    - neighboring facets: f436 f539 f537
- f539
    - flags: bottom simplicial
    - normal:   -0.9914  -0.1305 3.95e-05
    - offset:    -33.709
    - center: -33.26896666666666 -5.552910000000001 -2.88161 
    - vertices: p623(v108) p658(v59) p810(v0)
    - neighboring facets: f607 f538 f540
- f540
    - flags: top simplicial
    - normal:   -0.7998  -0.2162     0.56
    - offset:  -27.29277
    - center: -32.2436 -9.59948 -1.017480666666667 
    - vertices: p623(v108) p658(v59) p969(v35)
    - neighboring facets: f605 f541 f539
- f541
    - flags: bottom simplicial
    - normal:   -0.9382  -0.3461 0.007746
    - offset:  -33.63026
    - vertices: p623(v108) p198(v87) p969(v35)
    - neighboring facets: f431 f540 f537
- f542
    - flags: bottom simplicial
    - normal:    0.2686  -0.9632 0.003005
    - offset:   -38.4025
    - vertices: p736(v109) p82(v89) p129(v66)
    - neighboring facets: f440 f630 f552
- f548
    - flags: top simplicial
    - normal:    0.9559  -0.2835 -0.07627
    - offset:  -33.97617
    - vertices: p957(v110) p660(v71) p613(v44)
    - neighboring facets: f332 f551 f549
- f549
    - flags: top simplicial
    - normal:    0.9044   -0.424 -0.04832
    - offset:  -33.86293
    - vertices: p957(v110) p82(v89) p660(v71)
    - neighboring facets: f446 f548 f552
- f550
    - flags: top simplicial
    - normal:    0.9721   -0.217 -0.08887
    - offset:  -33.83082
    - vertices: p957(v110) p119(v70) p724(v14)
    - neighboring facets: f576 f553 f551
- f551
    - flags: bottom simplicial
    - normal:    0.9679  -0.2365 -0.08513
    - offset:  -33.87135
    - vertices: p957(v110) p119(v70) p613(v44)
    - neighboring facets: f332 f548 f550
- f552
    - flags: top simplicial
    - normal:    0.2856  -0.9584 0.0004027
    - offset:  -38.83159
    - vertices: p957(v110) p736(v109) p82(v89)
    - neighboring facets: f542 f549 f631
- f553
    - flags: bottom simplicial
    - normal:    0.7077  -0.4535  -0.5417
    - offset:  -117.8897
    - vertices: p957(v110) p362(v22) p724(v14)
    - neighboring facets: f323 f550 f644
- f559
    - flags: bottom simplicial
    - normal:    0.2397  -0.9702  0.03455
    - offset:  -33.47887
    - vertices: p693(v111) p129(v66) p671(v23)
    - neighboring facets: f440 f560 f678
- f560
    - flags: top simplicial
    - normal:    0.1916  -0.9808  0.03697
    - offset:  -33.27172
    - vertices: p693(v111) p580(v90) p671(v23)
    - neighboring facets: f449 f559 f639
- f572
    - flags: top simplicial
    - normal:    0.9379  -0.1369   0.3188
    - offset:  -31.51747
    - vertices: p456(v113) p119(v70) p197(v58)
    - neighboring facets: f511 f573 f576
- f573
    - flags: bottom simplicial
    - normal:    0.9835  -0.1159   0.1386
    - offset:   -33.1572
    - vertices: p456(v113) p880(v93) p197(v58)
    - neighboring facets: f464 f572 f574
- f574
    - flags: top simplicial
    - normal:    0.9914  -0.1305 -4.721e-05
    - offset:  -33.70922
    - vertices: p456(v113) p880(v93) p635(v1)
    - neighboring facets: f464 f575 f573
- f575
    - flags: bottom simplicial
    - normal:    0.9783  -0.1847 -0.09403
    - offset:  -33.74782
    - vertices: p456(v113) p724(v14) p635(v1)
    - neighboring facets: f319 f574 f576
- f576
    - flags: bottom simplicial
    - normal:    0.9776  -0.1885 -0.09337
    - offset:  -33.74882
    - vertices: p456(v113) p119(v70) p724(v14)
    - neighboring facets: f550 f575 f572
- f577
    - flags: bottom simplicial
    - normal:   -0.3856   0.9216  0.04377
    - offset:  -33.41773
    - vertices: p347(v114) p242(v94) p684(v20)
    - neighboring facets: f470 f579 f578
- f578
    - flags: top simplicial
    - normal:   -0.3131   0.9486  0.04517
    - offset:  -33.42468
    - center: -9.776276666666668 34.58086666666667 -54.03895966666666 
    - vertices: p347(v114) p242(v94) p367(v56)
    - neighboring facets: f474 f599 f577
- f579
    - flags: top simplicial
    - normal:   -0.3883   0.9162    0.099
    - offset:  -32.95689
    - center: -15.1034 30.01063333333333 -4.075809666666667 
    - vertices: p347(v114) p490(v33) p684(v20)
    - neighboring facets: f470 f577 f598
- f582
    - flags: bottom simplicial tested seen
    - normal:    -0.054   0.9981  0.02899
    - offset:  -34.92067
    - center: -10.31460333333333 39.03153333333334 -158.4733333333333 
    - vertices: p960(v115) p242(v94) p481(v77)
    - neighboring facets: f480 f690 f584
    - ridges:
- f584
    - flags: top simplicial tested seen
    - normal:   -0.1922   0.9813 0.007886
    - offset:  -39.12921
    - center: -10.95613333333333 39.03153333333334 -162.2043333333333 
    - vertices: p960(v115) p242(v94) p239(v76)
    - neighboring facets: f494 f693 f582
    - ridges:
- f585
    - flags: bottom simplicial
    - normal:    0.1549   0.9879 0.004831
    - offset:  -38.00216
    - vertices: p927(v116) p142(v73) p130(v28)
    - neighboring facets: f346 f586 f587
- f586
    - flags: top simplicial
    - normal:    0.1559   0.9878 5.328e-05
    - offset:  -38.80993
    - vertices: p927(v116) p993(v96) p130(v28)
    - neighboring facets: f483 f585 f587
- f587
    - flags: bottom simplicial
    - normal:    0.1506   0.9886 0.002333
    - offset:   -38.4004
    - vertices: p927(v116) p993(v96) p142(v73)
    - neighboring facets: f589 f585 f586
- f588
    - flags: bottom simplicial
    - normal:    0.1188   0.9929 -9.496e-05
    - offset:  -38.69939
    - vertices: p809(v117) p937(v79) p142(v73)
    - neighboring facets: f373 f589 f590
- f589
    - flags: top simplicial
    - normal:    0.1248   0.9922 -0.0004009
    - offset:   -38.7705
    - vertices: p809(v117) p993(v96) p142(v73)
    - neighboring facets: f587 f588 f590
- f590
    - flags: bottom simplicial
    - normal:    0.1214   0.9926 -0.001577
    - offset:   -38.9577
    - vertices: p809(v117) p993(v96) p937(v79)
    - neighboring facets: f485 f588 f589
- f591
    - flags: bottom simplicial tested seen
    - normal:   0.05196   0.9986 -0.008075
    - offset:  -40.14945
    - center: -2.705583333333333 38.98273333333334 -168.561 
    - vertices: p99(v118) p575(v97) p783(v52)
    - neighboring facets: f692 f593 f592
    - ridges:
- f592
    - flags: top simplicial tested
    - normal:   0.06787   0.9972 -0.02988
    - offset:  -43.82568
    - center: 0.0560166666666665 38.75173333333333 -173.255 
    - vertices: p99(v118) p575(v97) p937(v79)
    - neighboring facets: f489 f594 f591
- f593
    - flags: bottom simplicial tested
    - normal:   0.08627   0.9962  0.01081
    - offset:  -36.90182
    - center: 1.079203333333333 38.72163333333333 -163.423 
    - vertices: p99(v118) p783(v52) p983(v16)
    - neighboring facets: f364 f594 f591
- f594
    - flags: top simplicial tested
    - normal:    0.1127   0.9936 0.0005823
    - offset:  -38.58038
    - center: 3.840803333333334 38.49063333333334 -168.117 
    - vertices: p99(v118) p937(v79) p983(v16)
    - neighboring facets: f373 f593 f592
- f596
    - flags: top simplicial tested seen
    - normal:   -0.1151   0.1782   0.9772
    - offset:  -6.829973
    - center: -17.42436666666667 28.06003333333334 -0.1805644666666678 
    - vertices: p174(v119) p475(v99) p490(v33)
    - neighboring facets: f498 f598 f700
    - ridges:
- f597
    - flags: bottom simplicial tested seen
    - normal:  -0.01999   0.1937   0.9809
    - offset:  -6.050145
    - center: -7.6617 31.6418 -0.2369611333333325 
    - vertices: p174(v119) p460(v82) p367(v56)
    - neighboring facets: f531 f599 f707
    - ridges:
- f598
    - flags: bottom simplicial tested
    - normal:   -0.3843   0.9172   0.1051
    - offset:  -32.90725
    - center: -14.5366 30.02536666666667 -2.080228733333333 
    - vertices: p174(v119) p347(v114) p490(v33)
    - neighboring facets: f579 f596 f599
- f599
    - flags: top simplicial tested
    - normal:   -0.3708   0.9222   0.1099
    - offset:  -32.88075
    - center: -10.36211 31.74303333333333 -2.1366254 
    - vertices: p174(v119) p347(v114) p367(v56)
    - neighboring facets: f578 f597 f598
- f601
    - flags: bottom simplicial tested seen
    - normal:  -0.03518 -0.08758   0.9955
    - offset:   -2.93093
    - center: -15.15789666666667 -28.66943333333333 -0.1137764666666666 
    - vertices: p134(v120) p728(v83) p827(v57)
    - neighboring facets: f398 f708 f602
    - ridges:
- f602
    - flags: bottom simplicial tested seen
    - normal:  -0.01831 -0.01929   0.9996
    - offset: -0.7495958
    - center: -21.0141 -24.80516666666667 -0.1137764666666667 
    - vertices: p134(v120) p471(v100) p728(v83)
    - neighboring facets: f508 f601 f703
    - ridges:
- f605
    - flags: bottom simplicial tested
    - normal:    -0.693  -0.1659   0.7016
    - offset:  -23.24182
    - center: -32.45606666666666 -7.035617333333334 -0.5939097333333337 
    - vertices: p933(v121) p658(v59) p969(v35)
    - neighboring facets: f540 f650 f607
- f606
    - flags: bottom simplicial tested seen
    - normal:   -0.9858   0.1662 -0.02478
    - offset:  -33.10771
    - center: -33.1599 2.211119333333334 -2.0935348 
    - vertices: p933(v121) p104(v19) p810(v0)
    - neighboring facets: f219 f607 f709
    - ridges:
- f607
    - flags: top simplicial tested
    - normal:   -0.9953 -0.08392  0.04866
    - offset:  -33.45476
    - center: -33.48143333333333 -2.989047333333333 -2.458039066666667 
    - vertices: p933(v121) p658(v59) p810(v0)
    - neighboring facets: f539 f606 f605
- f608
    - flags: top simplicial tested
    - normal:   0.07271  -0.7476   0.6601
    - offset:  -23.63515
    - center: 0.612456666666667 -32.0607 -0.5732920666666641 
    - vertices: p574(v122) p160(v39) p358(v6)
    - neighboring facets: f178 f611 f609
- f609
    - flags: top simplicial tested seen
    - normal:   0.07639  -0.4395    0.895
    - offset:  -13.76791
    - center: 8.765343333333334 -30.6663 -0.4237314666666661 
    - vertices: p574(v122) p143(v103) p160(v39)
    - neighboring facets: f514 f608 f698
    - ridges:
- f611
    - flags: bottom simplicial tested seen
    - normal:  -0.02529  -0.2811   0.9593
    - offset:  -8.934518
    - center: -6.16804 -32.07803333333333 -0.2495577999999989 
    - vertices: p574(v122) p827(v57) p358(v6)
    - neighboring facets: f398 f608 f710
    - ridges:
- f613
    - flags: bottom simplicial
    - normal:    0.9914   0.1305 -2.745e-05
    - offset:  -33.70923
    - vertices: p302(v123) p712(v104) p5(v85)
    - neighboring facets: f520 f680 f683
- f618
    - flags: bottom simplicial
    - normal:    0.7934   0.6088 5.495e-06
    - offset:  -33.70912
    - center: 27.97106666666667 18.9207 -2.838713333333333 
    - vertices: p485(v124) p400(v105) p355(v26)
    - neighboring facets: f522 f660 f627
- f622
    - flags: bottom simplicial tested seen
    - normal:    0.1361 -0.005767   0.9907
    - offset:  -4.199028
    - center: 32.15443333333334 -4.357216 -0.2030138000000002 
    - vertices: p535(v125) p35(v102) p197(v58)
    - neighboring facets: f511 f623 f711
    - ridges:
- f623
    - flags: top simplicial tested seen
    - normal:    0.1269 0.002085   0.9919
    - offset:  -3.895513
    - center: 32.26143333333334 1.323227333333333 -0.2030138000000013 
    - vertices: p535(v125) p167(v107) p197(v58)
    - neighboring facets: f625 f622 f704
    - ridges:
- f625
    - flags: bottom simplicial tested seen
    - normal:    0.2811   0.1003   0.9544
    - offset:  -9.224917
    - center: 30.1337 9.452933999999999 -0.2030138000000008 
    - vertices: p492(v126) p167(v107) p197(v58)
    - neighboring facets: f623 f685 f705
    - ridges:
- f627
    - flags: top simplicial tested
    - normal:    0.7897   0.6125  0.03619
    - offset:  -33.61827
    - center: 26.97109999999999 20.18116666666666 -1.111055733333334 
    - vertices: p492(v126) p485(v124) p400(v105)
    - neighboring facets: f618 f686 f658
- f628
    - flags: top simplicial tested seen
    - normal:    0.6541   0.7494   0.1026
    - offset:  -33.28682
    - center: 22.68606666666666 24.81153333333333 -1.4256948 
    - vertices: p492(v126) p232(v86) p664(v15)
    - neighboring facets: f428 f657 f712
    - ridges:
- f630
    - flags: bottom simplicial
    - normal:    0.2576  -0.9663 -2.744e-05
    - offset:  -38.90208
    - vertices: p227(v127) p736(v109) p129(v66)
    - neighboring facets: f542 f679 f631
- f631
    - flags: bottom simplicial
    - normal:    0.2575  -0.9663 -8.975e-05
    - offset:  -38.91237
    - vertices: p227(v127) p957(v110) p736(v109)
    - neighboring facets: f552 f630 f676
- f635
    - flags: bottom simplicial
    - normal:    0.1307  -0.9914  0.00969
    - offset:  -37.83629
    - vertices: p184(v128) p580(v90) p923(v40)
    - neighboring facets: f451 f665 f640
- f639
    - flags: bottom simplicial
    - normal:    0.1972  -0.9804 0.001396
    - offset:  -38.83485
    - vertices: p667(v129) p693(v111) p580(v90)
    - neighboring facets: f560 f640 f687
- f640
    - flags: top simplicial
    - normal:    0.1484  -0.9889 -1.53e-07
    - offset:  -39.29235
    - vertices: p667(v129) p184(v128) p580(v90)
    - neighboring facets: f635 f639 f641
- f641
    - flags: bottom simplicial
    - normal:    0.1484  -0.9889 -2.502e-06
    - offset:  -39.29278
    - vertices: p667(v129) p184(v128) p69(v112)
    - neighboring facets: f667 f674 f640
- f644
    - flags: top simplicial
    - normal:    0.2584  -0.9391  -0.2266
    - offset:  -76.93643
    - vertices: p667(v129) p957(v110) p362(v22)
    - neighboring facets: f553 f645 f677
- f645
    - flags: top simplicial
    - normal:    0.1603  -0.8898  -0.4272
    - offset:  -109.5779
    - vertices: p667(v129) p362(v22) p742(v3)
    - neighboring facets: f322 f646 f644
- f646
    - flags: bottom simplicial
    - normal:   0.09268  -0.9093  -0.4057
    - offset:  -106.4413
    - vertices: p667(v129) p173(v21) p742(v3)
    - neighboring facets: f288 f645 f673
- f649
    - flags: top simplicial tested seen
    - normal:   -0.1496 -0.06704   0.9865
    - offset:  -5.046606
    - center: -29.29356666666667 -13.30347 -0.2294054666666663 
    - vertices: p681(v130) p471(v100) p969(v35)
    - neighboring facets: f507 f650 f703
    - ridges:
- f650
    - flags: bottom simplicial tested seen
    - normal:   -0.2387 -0.07742    0.968
    - offset:  -7.934826
    - center: -31.98846666666667 -6.745307333333333 -0.2294054666666672 
    - vertices: p681(v130) p933(v121) p969(v35)
    - neighboring facets: f605 f649 f709
    - ridges:
- f652
    - flags: bottom simplicial
    - normal:    0.9438    0.324 -0.06599
    - offset:  -33.87211
    - vertices: p211(v131) p5(v85) p130(v28)
    - neighboring facets: f419 f653 f681
- f653
    - flags: top simplicial
    - normal:     0.911   0.4096 -0.04777
    - offset:  -33.65724
    - vertices: p211(v131) p400(v105) p130(v28)
    - neighboring facets: f522 f652 f684
- f656
    - flags: bottom simplicial
    - normal:     0.762   0.6476 -0.005357
    - offset:  -33.78371
    - vertices: p179(v132) p130(v28) p664(v15)
    - neighboring facets: f209 f657 f659
- f657
    - flags: top simplicial
    - normal:    0.7581    0.652  0.01513
    - offset:  -33.71594
    - vertices: p179(v132) p492(v126) p664(v15)
    - neighboring facets: f628 f656 f658
- f658
    - flags: bottom simplicial
    - normal:    0.7846   0.6195  0.02263
    - offset:  -33.65246
    - vertices: p179(v132) p492(v126) p485(v124)
    - neighboring facets: f627 f660 f657
- f659
    - flags: top simplicial
    - normal:      0.79    0.613 -0.01102
    - offset:  -33.75266
    - vertices: p179(v132) p130(v28) p355(v26)
    - neighboring facets: f522 f660 f656
- f660
    - flags: bottom simplicial
    - normal:    0.7933   0.6088 1.734e-06
    - offset:  -33.70912
    - vertices: p179(v132) p485(v124) p355(v26)
    - neighboring facets: f618 f659 f658
- f665
    - flags: bottom simplicial
    - normal:     0.114  -0.9935 0.001388
    - offset:  -39.28525
    - vertices: p48(v134) p184(v128) p923(v40)
    - neighboring facets: f635 f672 f669
- f667
    - flags: top simplicial
    - normal:    0.1293  -0.9916 -0.001826
    - offset:  -39.71574
    - vertices: p57(v135) p184(v128) p69(v112)
    - neighboring facets: f641 f674 f669
- f668
    - flags: bottom simplicial
    - normal:   0.05933  -0.9982 -0.01017
    - offset:    -41.562
    - vertices: p57(v135) p539(v67) p266(v38)
    - neighboring facets: f458 f670 f671
- f669
    - flags: top simplicial
    - normal:     0.112  -0.9937 5.74e-05
    - offset:  -39.51209
    - vertices: p57(v135) p48(v134) p184(v128)
    - neighboring facets: f665 f667 f672
- f670
    - flags: bottom simplicial
    - normal:   0.06064  -0.9977 -0.03173
    - offset:  -45.24901
    - vertices: p57(v135) p266(v38) p173(v21)
    - neighboring facets: f174 f673 f668
- f671
    - flags: top simplicial
    - normal:    0.1083  -0.9941 -0.000272
    - offset:  -39.59285
    - vertices: p57(v135) p539(v67) p923(v40)
    - neighboring facets: f312 f672 f668
- f672
    - flags: bottom simplicial
    - normal:    0.1104  -0.9939 -1.729e-06
    - offset:  -39.53277
    - vertices: p57(v135) p48(v134) p923(v40)
    - neighboring facets: f665 f671 f669
- f673
    - flags: top simplicial
    - normal:   0.09048  -0.9847  -0.1491
    - offset:  -64.86673
    - vertices: p57(v135) p667(v129) p173(v21)
    - neighboring facets: f646 f670 f674
- f674
    - flags: bottom simplicial
    - normal:    0.1031  -0.9883  -0.1123
    - offset:  -58.64652
    - vertices: p57(v135) p667(v129) p69(v112)
    - neighboring facets: f641 f667 f673
- f676
    - flags: top simplicial
    - normal:    0.2499  -0.9683 -0.001998
    - offset:  -39.23438
    - vertices: p495(v136) p227(v127) p957(v110)
    - neighboring facets: f631 f677 f679
- f677
    - flags: bottom simplicial
    - normal:    0.2342   -0.972 -0.01694
    - offset:  -41.78156
    - vertices: p495(v136) p667(v129) p957(v110)
    - neighboring facets: f644 f676 f689
- f678
    - flags: top simplicial
    - normal:    0.2312  -0.9729 0.001659
    - offset:  -38.67278
    - vertices: p495(v136) p693(v111) p129(v66)
    - neighboring facets: f559 f679 f688
- f679
    - flags: bottom simplicial
    - normal:    0.2425  -0.9701 -3.898e-06
    - offset:  -38.92218
    - vertices: p495(v136) p227(v127) p129(v66)
    - neighboring facets: f630 f678 f676
- f680
    - flags: bottom simplicial
    - normal:    0.9912   0.1324 0.0002727
    - offset:  -33.71479
    - vertices: p344(v137) p302(v123) p5(v85)
    - neighboring facets: f613 f681 f683
- f681
    - flags: top simplicial
    - normal:    0.9605   0.2775  0.02135
    - offset:   -33.7755
    - vertices: p344(v137) p211(v131) p5(v85)
    - neighboring facets: f652 f680 f684
- f682
    - flags: top simplicial
    - normal:    0.9914   0.1305 2.156e-05
    - offset:  -33.70909
    - vertices: p344(v137) p712(v104) p197(v58)
    - neighboring facets: f519 f685 f683
- f683
    - flags: top simplicial
    - normal:    0.9914   0.1305 1.438e-05
    - offset:  -33.70911
    - vertices: p344(v137) p302(v123) p712(v104)
    - neighboring facets: f613 f682 f680
- f684
    - flags: bottom simplicial
    - normal:    0.8081   0.3299    0.488
    - offset:  -28.53603
    - vertices: p344(v137) p211(v131) p400(v105)
    - neighboring facets: f653 f686 f681
- f685
    - flags: bottom simplicial
    - normal:    0.4696   0.1781   0.8648
    - offset:  -15.71871
    - vertices: p344(v137) p492(v126) p197(v58)
    - neighboring facets: f625 f682 f686
- f686
    - flags: top simplicial
    - normal:    0.5613   0.2322   0.7944
    - offset:  -19.24904
    - vertices: p344(v137) p492(v126) p400(v105)
    - neighboring facets: f627 f684 f685
- f687
    - flags: top simplicial
    - normal:    0.2059  -0.9786 0.0001196
    - offset:  -39.00764
    - vertices: p47(v138) p667(v129) p693(v111)
    - neighboring facets: f639 f688 f689
- f688
    - flags: bottom simplicial
    - normal:    0.2205  -0.9754 -3.149e-05
    - offset:  -38.98001
    - vertices: p47(v138) p495(v136) p693(v111)
    - neighboring facets: f678 f687 f689
- f689
    - flags: top simplicial
    - normal:    0.2153  -0.9765 -0.002114
    - offset:  -39.33921
    - vertices: p47(v138) p495(v136) p667(v129)
    - neighboring facets: f677 f687 f688
- f690
    - flags: bottom simplicial tricoplanar keepcentrum
    - owner of normal & centrum is facet f690
    - normal:        -0        1        0
    - offset:   -39.0992
    - center: -8.368066666666666 39.0992 -166.6261666666666 
    - vertices: p960(v115) p481(v77) p783(v52)
    - neighboring facets: f478 f692 f582
- f692
    - flags: top simplicial tricoplanar
    - owner of normal & centrum is facet f690
    - normal:        -0        1        0
    - offset:   -39.0992
    - center: -8.368066666666666 39.0992 -166.6261666666666 
    - vertices: p960(v115) p575(v97) p783(v52)
    - neighboring facets: f591 f690 f694
- f693
    - flags: top simplicial tricoplanar
    - owner of normal & centrum is facet f690
    - normal:        -0        1        0
    - offset:   -39.0992
    - center: -8.368066666666666 39.0992 -166.6261666666666 
    - vertices: p960(v115) p239(v76) p868(v31)
    - neighboring facets: f353 f694 f584
- f694
    - flags: bottom simplicial tricoplanar
    - owner of normal & centrum is facet f690
    - normal:        -0        1        0
    - offset:   -39.0992
    - center: -8.368066666666666 39.0992 -166.6261666666666 
    - vertices: p960(v115) p575(v97) p868(v31)
    - neighboring facets: f488 f693 f692
- f696
    - flags: bottom simplicial tricoplanar keepcentrum
    - owner of normal & centrum is facet f696
    - normal:         0        0        1
    - offset:  0.0999972
    - center: -5.213617777777778 3.602386999999999 -0.09999719999999999 
    - vertices: p681(v130) p143(v103) p862(v84)
    - neighboring facets: f515 f699 f698
- f697
    - flags: bottom simplicial tricoplanar
    - owner of normal & centrum is facet f696
    - normal:         0        0        1
    - offset:  0.0999972
    - center: -5.213617777777778 3.602386999999999 -0.09999719999999999 
    - vertices: p681(v130) p49(v55) p104(v19)
    - neighboring facets: f490 f709 f702
- f698
    - flags: bottom simplicial tricoplanar
    - owner of normal & centrum is facet f696
    - normal:         0        0        1
    - offset:  0.0999972
    - center: -5.213617777777778 3.602386999999999 -0.09999719999999999 
    - vertices: p681(v130) p574(v122) p143(v103)
    - neighboring facets: f609 f696 f710
- f699
    - flags: top simplicial tricoplanar
    - owner of normal & centrum is facet f696
    - normal:         0        0        1
    - offset:  0.0999972
    - center: -5.213617777777778 3.602386999999999 -0.09999719999999999 
    - vertices: p681(v130) p35(v102) p862(v84)
    - neighboring facets: f513 f696 f711
- f700
    - flags: bottom simplicial tricoplanar
    - owner of normal & centrum is facet f696
    - normal:         0        0        1
    - offset:  0.0999972
    - center: -5.213617777777778 3.602386999999999 -0.09999719999999999 
    - vertices: p681(v130) p174(v119) p475(v99)
    - neighboring facets: f596 f702 f707
- f701
    - flags: top simplicial tricoplanar
    - owner of normal & centrum is facet f696
    - normal:         0        0        1
    - offset:  0.0999972
    - center: -5.213617777777778 3.602386999999999 -0.09999719999999999 
    - vertices: p681(v130) p89(v106) p232(v86)
    - neighboring facets: f529 f712 f706
- f702
    - flags: bottom simplicial tricoplanar
    - owner of normal & centrum is facet f696
    - normal:         0        0        1
    - offset:  0.0999972
    - center: -5.213617777777778 3.602386999999999 -0.09999719999999999 
    - vertices: p681(v130) p475(v99) p49(v55)
    - neighboring facets: f498 f697 f700
- f703
    - flags: top simplicial tricoplanar
    - owner of normal & centrum is facet f696
    - normal:         0        0        1
    - offset:  0.0999972
    - center: -5.213617777777778 3.602386999999999 -0.09999719999999999 
    - vertices: p681(v130) p134(v120) p471(v100)
    - neighboring facets: f602 f649 f708
- f704
    - flags: bottom simplicial tricoplanar
    - owner of normal & centrum is facet f696
    - normal:         0        0        1
    - offset:  0.0999972
    - center: -5.213617777777778 3.602386999999999 -0.09999719999999999 
    - vertices: p681(v130) p535(v125) p167(v107)
    - neighboring facets: f623 f705 f711
- f705
    - flags: top simplicial tricoplanar
    - owner of normal & centrum is facet f696
    - normal:         0        0        1
    - offset:  0.0999972
    - center: -5.213617777777778 3.602386999999999 -0.09999719999999999 
    - vertices: p681(v130) p492(v126) p167(v107)
    - neighboring facets: f625 f704 f712
- f706
    - flags: bottom simplicial tricoplanar
    - owner of normal & centrum is facet f696
    - normal:         0        0        1
    - offset:  0.0999972
    - center: -5.213617777777778 3.602386999999999 -0.09999719999999999 
    - vertices: p681(v130) p89(v106) p460(v82)
    - neighboring facets: f531 f707 f701
- f707
    - flags: top simplicial tricoplanar
    - owner of normal & centrum is facet f696
    - normal:         0        0        1
    - offset:  0.0999972
    - center: -5.213617777777778 3.602386999999999 -0.09999719999999999 
    - vertices: p681(v130) p174(v119) p460(v82)
    - neighboring facets: f597 f706 f700
- f708
    - flags: bottom simplicial tricoplanar
    - owner of normal & centrum is facet f696
    - normal:         0        0        1
    - offset:  0.0999972
    - center: -5.213617777777778 3.602386999999999 -0.09999719999999999 
    - vertices: p681(v130) p134(v120) p827(v57)
    - neighboring facets: f601 f710 f703
- f709
    - flags: top simplicial tricoplanar
    - owner of normal & centrum is facet f696
    - normal:         0        0        1
    - offset:  0.0999972
    - center: -5.213617777777778 3.602386999999999 -0.09999719999999999 
    - vertices: p681(v130) p933(v121) p104(v19)
    - neighboring facets: f606 f697 f650
- f710
    - flags: top simplicial tricoplanar
    - owner of normal & centrum is facet f696
    - normal:         0        0        1
    - offset:  0.0999972
    - center: -5.213617777777778 3.602386999999999 -0.09999719999999999 
    - vertices: p681(v130) p574(v122) p827(v57)
    - neighboring facets: f611 f708 f698
- f711
    - flags: top simplicial tricoplanar
    - owner of normal & centrum is facet f696
    - normal:         0        0        1
    - offset:  0.0999972
    - center: -5.213617777777778 3.602386999999999 -0.09999719999999999 
    - vertices: p681(v130) p535(v125) p35(v102)
    - neighboring facets: f622 f699 f704
- f712
    - flags: bottom simplicial tricoplanar
    - owner of normal & centrum is facet f696
    - normal:         0        0        1
    - offset:  0.0999972
    - center: -5.213617777777778 3.602386999999999 -0.09999719999999999 
    - vertices: p681(v130) p492(v126) p232(v86)
    - neighboring facets: f628 f701 f705
